42001001,1  ,42001,1,1,500 ,092142001000001,092142001000500,武汉大学                                                    
42001002,2  ,42001,1,1,500 ,092142001000501,092142001001000,武汉大学                                                    
42001003,3  ,42001,1,1,500 ,092142001001001,092142001001500,武汉大学                                                    
42001004,4  ,42001,2,1,500 ,092142001001501,092142001002000,武汉大学                                                    
42001005,5  ,42001,2,1,500 ,092142001002001,092142001002500,武汉大学                                                    
42001006,6  ,42001,3,1,500 ,092142001002501,092142001003000,武汉大学                                                    
42001007,7  ,42001,3,1,500 ,092142001003001,092142001003500,武汉大学                                                    
42001008,8  ,42001,3,1,500 ,092142001003501,092142001004000,武汉大学                                                    
42001009,9  ,42001,3,1,500 ,092142001004001,092142001004500,武汉大学                                                    
42001010,10 ,42001,3,1,500 ,092142001004501,092142001005000,武汉大学                                                    
42001011,11 ,42001,3,1,500 ,092142001005001,092142001005500,武汉大学                                                    
42001012,12 ,42001,4,1,500 ,092142001005501,092142001006000,武汉大学                                                    
42001013,13 ,42001,5,1,500 ,092142001006001,092142001006500,武汉大学                                                    
42001014,14 ,42001,5,1,4   ,092142001006501,092142001006504,武汉大学                                                    
42002001,1  ,42002,0,1,500 ,092142002000001,092142002000500,华中科技大学                                                
42002002,2  ,42002,0,1,500 ,092142002000501,092142002001000,华中科技大学                                                
42002003,3  ,42002,0,1,500 ,092142002001001,092142002001500,华中科技大学                                                
42002004,4  ,42002,0,1,500 ,092142002001501,092142002002000,华中科技大学                                                
42002005,5  ,42002,0,1,500 ,092142002002001,092142002002500,华中科技大学                                                
42002006,6  ,42002,0,1,500 ,092142002002501,092142002003000,华中科技大学                                                
42002007,7  ,42002,0,1,500 ,092142002003001,092142002003500,华中科技大学                                                
42002008,8  ,42002,0,1,500 ,092142002003501,092142002004000,华中科技大学                                                
42002009,9  ,42002,0,1,500 ,092142002004001,092142002004500,华中科技大学                                                
42002010,10 ,42002,0,1,500 ,092142002004501,092142002005000,华中科技大学                                                
42002011,11 ,42002,0,1,500 ,092142002005001,092142002005500,华中科技大学                                                
42002012,12 ,42002,0,1,500 ,092142002005501,092142002006000,华中科技大学                                                
42002013,13 ,42002,0,1,500 ,092142002006001,092142002006500,华中科技大学                                                
42002014,14 ,42002,0,1,500 ,092142002006501,092142002007000,华中科技大学                                                
42002015,15 ,42002,0,1,500 ,092142002007001,092142002007500,华中科技大学                                                
42002016,16 ,42002,0,1,500 ,092142002007501,092142002008000,华中科技大学                                                
42002017,17 ,42002,0,1,500 ,092142002008001,092142002008500,华中科技大学                                                
42002018,18 ,42002,0,1,307 ,092142002008501,092142002008807,华中科技大学                                                
42003001,1  ,42003,1,1,500 ,092142003000001,092142003000500,武汉理工大学                                                
42003002,2  ,42003,1,1,500 ,092142003000501,092142003001000,武汉理工大学                                                
42003003,3  ,42003,1,1,500 ,092142003001001,092142003001500,武汉理工大学                                                
42003004,4  ,42003,1,1,500 ,092142003001501,092142003002000,武汉理工大学                                                
42003005,5  ,42003,1,1,500 ,092142003002001,092142003002500,武汉理工大学                                                
42003006,6  ,42003,1,1,500 ,092142003002501,092142003003000,武汉理工大学                                                
42003007,7  ,42003,1,1,500 ,092142003003001,092142003003500,武汉理工大学                                                
42003008,8  ,42003,1,1,500 ,092142003003501,092142003004000,武汉理工大学                                                
42003009,9  ,42003,1,1,500 ,092142003004001,092142003004500,武汉理工大学                                                
42003010,10 ,42003,1,1,500 ,092142003004501,092142003005000,武汉理工大学                                                
42003011,11 ,42003,1,1,500 ,092142003005001,092142003005500,武汉理工大学                                                
42003012,12 ,42003,1,1,500 ,092142003005501,092142003006000,武汉理工大学                                                
42003013,13 ,42003,1,1,500 ,092142003006001,092142003006500,武汉理工大学                                                
42003014,14 ,42003,1,1,500 ,092142003006501,092142003007000,武汉理工大学                                                
42003015,15 ,42003,1,1,500 ,092142003007001,092142003007500,武汉理工大学                                                
42003016,16 ,42003,2,1,500 ,092142003007501,092142003008000,武汉理工大学                                                
42003017,17 ,42003,2,1,500 ,092142003008001,092142003008500,武汉理工大学                                                
42003018,18 ,42003,2,1,500 ,092142003008501,092142003009000,武汉理工大学                                                
42003019,19 ,42003,2,1,500 ,092142003009001,092142003009500,武汉理工大学                                                
42003020,20 ,42003,2,1,51  ,092142003009501,092142003009551,武汉理工大学                                                
42004001,1  ,42004,0,1,500 ,092142004000001,092142004000500,中南财经政法大学                                            
42004002,2  ,42004,0,1,500 ,092142004000501,092142004001000,中南财经政法大学                                            
42004003,3  ,42004,0,1,500 ,092142004001001,092142004001500,中南财经政法大学                                            
42004004,4  ,42004,0,1,500 ,092142004001501,092142004002000,中南财经政法大学                                            
42004005,5  ,42004,0,1,139 ,092142004002001,092142004002139,中南财经政法大学                                            
42005001,1  ,42005,0,1,500 ,092142005000001,092142005000500,华中师范大学                                                
42005002,2  ,42005,0,1,500 ,092142005000501,092142005001000,华中师范大学                                                
42005003,3  ,42005,0,1,500 ,092142005001001,092142005001500,华中师范大学                                                
42005004,4  ,42005,0,1,500 ,092142005001501,092142005002000,华中师范大学                                                
42005005,5  ,42005,0,1,500 ,092142005002001,092142005002500,华中师范大学                                                
42005006,6  ,42005,0,1,500 ,092142005002501,092142005003000,华中师范大学                                                
42005007,7  ,42005,0,1,500 ,092142005003001,092142005003500,华中师范大学                                                
42005008,8  ,42005,0,1,500 ,092142005003501,092142005004000,华中师范大学                                                
42005009,9  ,42005,0,1,500 ,092142005004001,092142005004500,华中师范大学                                                
42005010,10 ,42005,0,1,500 ,092142005004501,092142005005000,华中师范大学                                                
42005011,11 ,42005,0,1,500 ,092142005005001,092142005005500,华中师范大学                                                
42005012,12 ,42005,0,1,500 ,092142005005501,092142005006000,华中师范大学                                                
42005013,13 ,42005,0,1,500 ,092142005006001,092142005006500,华中师范大学                                                
42005014,14 ,42005,0,1,474 ,092142005006501,092142005006974,华中师范大学                                                
42006001,1  ,42006,0,1,500 ,092142006000001,092142006000500,中国地质大学（武汉）                                        
42006002,2  ,42006,0,1,500 ,092142006000501,092142006001000,中国地质大学（武汉）                                        
42006003,3  ,42006,0,1,500 ,092142006001001,092142006001500,中国地质大学（武汉）                                        
42006004,4  ,42006,0,1,500 ,092142006001501,092142006002000,中国地质大学（武汉）                                        
42006005,5  ,42006,0,1,500 ,092142006002001,092142006002500,中国地质大学（武汉）                                        
42006006,6  ,42006,0,1,500 ,092142006002501,092142006003000,中国地质大学（武汉）                                        
42006007,7  ,42006,0,1,500 ,092142006003001,092142006003500,中国地质大学（武汉）                                        
42006008,8  ,42006,0,1,500 ,092142006003501,092142006004000,中国地质大学（武汉）                                        
42006009,9  ,42006,0,1,500 ,092142006004001,092142006004500,中国地质大学（武汉）                                        
42006010,10 ,42006,0,1,500 ,092142006004501,092142006005000,中国地质大学（武汉）                                        
42006011,11 ,42006,0,1,500 ,092142006005001,092142006005500,中国地质大学（武汉）                                        
42006012,12 ,42006,0,1,446 ,092142006005501,092142006005946,中国地质大学（武汉）                                        
42007001,1  ,42007,0,1,500 ,092142007000001,092142007000500,华中农业大学                                                
42007002,2  ,42007,2,1,500 ,092142007000501,092142007001000,华中农业大学                                                
42007003,3  ,42007,2,1,500 ,092142007001001,092142007001500,华中农业大学                                                
42007004,4  ,42007,3,1,500 ,092142007001501,092142007002000,华中农业大学                                                
42007005,5  ,42007,3,1,43  ,092142007002001,092142007002043,华中农业大学                                                
42008001,1  ,42008,0,1,500 ,092142008000001,092142008000500,武汉科技大学                                                
42008002,2  ,42008,0,1,500 ,092142008000501,092142008001000,武汉科技大学                                                
42008003,3  ,42008,0,1,500 ,092142008001001,092142008001500,武汉科技大学                                                
42008004,4  ,42008,0,1,500 ,092142008001501,092142008002000,武汉科技大学                                                
42008005,5  ,42008,0,1,500 ,092142008002001,092142008002500,武汉科技大学                                                
42008006,6  ,42008,0,1,500 ,092142008002501,092142008003000,武汉科技大学                                                
42008007,7  ,42008,0,1,500 ,092142008003001,092142008003500,武汉科技大学                                                
42008008,8  ,42008,0,1,500 ,092142008003501,092142008004000,武汉科技大学                                                
42008009,9  ,42008,0,1,500 ,092142008004001,092142008004500,武汉科技大学                                                
42008010,10 ,42008,0,1,500 ,092142008004501,092142008005000,武汉科技大学                                                
42008011,11 ,42008,0,1,500 ,092142008005001,092142008005500,武汉科技大学                                                
42008012,12 ,42008,1,1,500 ,092142008005501,092142008006000,武汉科技大学                                                
42008013,13 ,42008,1,1,500 ,092142008006001,092142008006500,武汉科技大学                                                
42008014,14 ,42008,1,1,500 ,092142008006501,092142008007000,武汉科技大学                                                
42008015,15 ,42008,1,1,500 ,092142008007001,092142008007500,武汉科技大学                                                
42008016,16 ,42008,1,1,500 ,092142008007501,092142008008000,武汉科技大学                                                
42008017,17 ,42008,1,1,500 ,092142008008001,092142008008500,武汉科技大学                                                
42008018,18 ,42008,2,1,500 ,092142008008501,092142008009000,武汉科技大学                                                
42008019,19 ,42008,2,1,500 ,092142008009001,092142008009500,武汉科技大学                                                
42008020,20 ,42008,2,1,500 ,092142008009501,092142008010000,武汉科技大学                                                
42008021,21 ,42008,2,1,263 ,092142008010001,092142008010263,武汉科技大学                                                
42009001,1  ,42009,0,1,500 ,092142009000001,092142009000500,湖北工业大学                                                
42009002,2  ,42009,0,1,500 ,092142009000501,092142009001000,湖北工业大学                                                
42009003,3  ,42009,0,1,500 ,092142009001001,092142009001500,湖北工业大学                                                
42009004,4  ,42009,0,1,500 ,092142009001501,092142009002000,湖北工业大学                                                
42009005,5  ,42009,0,1,500 ,092142009002001,092142009002500,湖北工业大学                                                
42009006,6  ,42009,0,1,500 ,092142009002501,092142009003000,湖北工业大学                                                
42009007,7  ,42009,0,1,500 ,092142009003001,092142009003500,湖北工业大学                                                
42009008,8  ,42009,0,1,500 ,092142009003501,092142009004000,湖北工业大学                                                
42009009,9  ,42009,0,1,500 ,092142009004001,092142009004500,湖北工业大学                                                
42009010,10 ,42009,0,1,500 ,092142009004501,092142009005000,湖北工业大学                                                
42009011,11 ,42009,0,1,500 ,092142009005001,092142009005500,湖北工业大学                                                
42009012,12 ,42009,0,1,500 ,092142009005501,092142009006000,湖北工业大学                                                
42009013,13 ,42009,0,1,500 ,092142009006001,092142009006500,湖北工业大学                                                
42009014,14 ,42009,0,1,500 ,092142009006501,092142009007000,湖北工业大学                                                
42009015,15 ,42009,0,1,500 ,092142009007001,092142009007500,湖北工业大学                                                
42009016,16 ,42009,0,1,500 ,092142009007501,092142009008000,湖北工业大学                                                
42009017,17 ,42009,0,1,500 ,092142009008001,092142009008500,湖北工业大学                                                
42009018,18 ,42009,0,1,500 ,092142009008501,092142009009000,湖北工业大学                                                
42009019,19 ,42009,0,1,500 ,092142009009001,092142009009500,湖北工业大学                                                
42009020,20 ,42009,0,1,70  ,092142009009501,092142009009570,湖北工业大学                                                
42010001,1  ,42010,0,1,500 ,092142010000001,092142010000500,湖北大学                                                    
42010002,2  ,42010,0,1,500 ,092142010000501,092142010001000,湖北大学                                                    
42010003,3  ,42010,0,1,500 ,092142010001001,092142010001500,湖北大学                                                    
42010004,4  ,42010,0,1,500 ,092142010001501,092142010002000,湖北大学                                                    
42010005,5  ,42010,0,1,500 ,092142010002001,092142010002500,湖北大学                                                    
42010006,6  ,42010,0,1,500 ,092142010002501,092142010003000,湖北大学                                                    
42010007,7  ,42010,0,1,500 ,092142010003001,092142010003500,湖北大学                                                    
42010008,8  ,42010,0,1,500 ,092142010003501,092142010004000,湖北大学                                                    
42010009,9  ,42010,0,1,500 ,092142010004001,092142010004500,湖北大学                                                    
42010010,10 ,42010,1,1,500 ,092142010004501,092142010005000,湖北大学                                                    
42010011,11 ,42010,1,1,500 ,092142010005001,092142010005500,湖北大学                                                    
42010012,12 ,42010,1,1,500 ,092142010005501,092142010006000,湖北大学                                                    
42010013,13 ,42010,1,1,400 ,092142010006001,092142010006400,湖北大学                                                    
42011001,1  ,42011,0,1,500 ,092142011000001,092142011000500,湖北中医学院                                                
42011002,2  ,42011,1,1,500 ,092142011000501,092142011001000,湖北中医学院                                                
42011003,3  ,42011,1,1,500 ,092142011001001,092142011001500,湖北中医学院                                                
42011004,4  ,42011,1,1,500 ,092142011001501,092142011002000,湖北中医学院                                                
42011005,5  ,42011,1,1,500 ,092142011002001,092142011002500,湖北中医学院                                                
42011006,6  ,42011,1,1,374 ,092142011002501,092142011002874,湖北中医学院                                                
42012001,1  ,42012,0,1,500 ,092142012000001,092142012000500,湖北经济学院                                                
42012002,2  ,42012,0,1,500 ,092142012000501,092142012001000,湖北经济学院                                                
42012003,3  ,42012,0,1,500 ,092142012001001,092142012001500,湖北经济学院                                                
42012004,4  ,42012,0,1,500 ,092142012001501,092142012002000,湖北经济学院                                                
42012005,5  ,42012,0,1,500 ,092142012002001,092142012002500,湖北经济学院                                                
42012006,6  ,42012,0,1,500 ,092142012002501,092142012003000,湖北经济学院                                                
42012007,7  ,42012,0,1,500 ,092142012003001,092142012003500,湖北经济学院                                                
42012008,8  ,42012,0,1,500 ,092142012003501,092142012004000,湖北经济学院                                                
42012009,9  ,42012,0,1,500 ,092142012004001,092142012004500,湖北经济学院                                                
42012010,10 ,42012,0,1,500 ,092142012004501,092142012005000,湖北经济学院                                                
42012011,11 ,42012,0,1,500 ,092142012005001,092142012005500,湖北经济学院                                                
42012012,12 ,42012,0,1,500 ,092142012005501,092142012006000,湖北经济学院                                                
42012013,13 ,42012,0,1,500 ,092142012006001,092142012006500,湖北经济学院                                                
42012014,14 ,42012,0,1,500 ,092142012006501,092142012007000,湖北经济学院                                                
42012015,15 ,42012,0,1,500 ,092142012007001,092142012007500,湖北经济学院                                                
42012016,16 ,42012,0,1,43  ,092142012007501,092142012007543,湖北经济学院                                                
42013001,1  ,42013,1,1,500 ,092142013000001,092142013000500,武汉工业学院                                                
42013002,2  ,42013,1,1,500 ,092142013000501,092142013001000,武汉工业学院                                                
42013003,3  ,42013,1,1,500 ,092142013001001,092142013001500,武汉工业学院                                                
42013004,4  ,42013,1,1,500 ,092142013001501,092142013002000,武汉工业学院                                                
42013005,5  ,42013,1,1,500 ,092142013002001,092142013002500,武汉工业学院                                                
42013006,6  ,42013,1,1,500 ,092142013002501,092142013003000,武汉工业学院                                                
42013007,7  ,42013,2,1,500 ,092142013003001,092142013003500,武汉工业学院                                                
42013008,8  ,42013,2,1,500 ,092142013003501,092142013004000,武汉工业学院                                                
42013009,9  ,42013,2,1,500 ,092142013004001,092142013004500,武汉工业学院                                                
42013010,10 ,42013,3,1,500 ,092142013004501,092142013005000,武汉工业学院                                                
42013011,11 ,42013,3,1,500 ,092142013005001,092142013005500,武汉工业学院                                                
42013012,12 ,42013,3,1,500 ,092142013005501,092142013006000,武汉工业学院                                                
42013013,13 ,42013,3,1,64  ,092142013006001,092142013006064,武汉工业学院                                                
42014001,1  ,42014,1,1,500 ,092142014000001,092142014000500,武汉工程大学                                                
42014002,2  ,42014,1,1,500 ,092142014000501,092142014001000,武汉工程大学                                                
42014003,3  ,42014,1,1,500 ,092142014001001,092142014001500,武汉工程大学                                                
42014004,4  ,42014,1,1,500 ,092142014001501,092142014002000,武汉工程大学                                                
42014005,5  ,42014,1,1,236 ,092142014002001,092142014002236,武汉工程大学                                                
42015001,1  ,42015,1,1,500 ,092142015000001,092142015000500,武汉科技学院                                                
42015002,2  ,42015,1,1,500 ,092142015000501,092142015001000,武汉科技学院                                                
42015003,3  ,42015,1,1,500 ,092142015001001,092142015001500,武汉科技学院                                                
42015004,4  ,42015,1,1,500 ,092142015001501,092142015002000,武汉科技学院                                                
42015005,5  ,42015,1,1,500 ,092142015002001,092142015002500,武汉科技学院                                                
42015006,6  ,42015,1,1,500 ,092142015002501,092142015003000,武汉科技学院                                                
42015007,7  ,42015,2,1,500 ,092142015003001,092142015003500,武汉科技学院                                                
42015008,8  ,42015,2,1,500 ,092142015003501,092142015004000,武汉科技学院                                                
42015009,9  ,42015,2,1,500 ,092142015004001,092142015004500,武汉科技学院                                                
42015010,10 ,42015,2,1,500 ,092142015004501,092142015005000,武汉科技学院                                                
42015011,11 ,42015,2,1,500 ,092142015005001,092142015005500,武汉科技学院                                                
42015012,12 ,42015,2,1,500 ,092142015005501,092142015006000,武汉科技学院                                                
42015013,13 ,42015,2,1,500 ,092142015006001,092142015006500,武汉科技学院                                                
42015014,14 ,42015,2,1,500 ,092142015006501,092142015007000,武汉科技学院                                                
42015015,15 ,42015,2,1,500 ,092142015007001,092142015007500,武汉科技学院                                                
42015016,16 ,42015,2,1,500 ,092142015007501,092142015008000,武汉科技学院                                                
42015017,17 ,42015,2,1,500 ,092142015008001,092142015008500,武汉科技学院                                                
42015018,18 ,42015,2,1,380 ,092142015008501,092142015008880,武汉科技学院                                                
42016001,1  ,42016,0,1,500 ,092142016000001,092142016000500,中南民族大学                                                
42016002,2  ,42016,0,1,500 ,092142016000501,092142016001000,中南民族大学                                                
42016003,3  ,42016,0,1,500 ,092142016001001,092142016001500,中南民族大学                                                
42016004,4  ,42016,0,1,500 ,092142016001501,092142016002000,中南民族大学                                                
42016005,5  ,42016,0,1,500 ,092142016002001,092142016002500,中南民族大学                                                
42016006,6  ,42016,0,1,500 ,092142016002501,092142016003000,中南民族大学                                                
42016007,7  ,42016,0,1,500 ,092142016003001,092142016003500,中南民族大学                                                
42016008,8  ,42016,0,1,500 ,092142016003501,092142016004000,中南民族大学                                                
42016009,9  ,42016,0,1,500 ,092142016004001,092142016004500,中南民族大学                                                
42016010,10 ,42016,0,1,500 ,092142016004501,092142016005000,中南民族大学                                                
42016011,11 ,42016,0,1,500 ,092142016005001,092142016005500,中南民族大学                                                
42016012,12 ,42016,0,1,500 ,092142016005501,092142016006000,中南民族大学                                                
42016013,13 ,42016,0,1,500 ,092142016006001,092142016006500,中南民族大学                                                
42016014,14 ,42016,0,1,500 ,092142016006501,092142016007000,中南民族大学                                                
42016015,15 ,42016,0,1,289 ,092142016007001,092142016007289,中南民族大学                                                
42017001,1  ,42017,0,1,500 ,092142017000001,092142017000500,华中科技大学同济医学院                                      
42017002,2  ,42017,0,1,464 ,092142017000501,092142017000964,华中科技大学同济医学院                                      
42018001,1  ,42018,0,1,500 ,092142018000001,092142018000500,武汉音乐学院                                                
42018002,2  ,42018,0,1,92  ,092142018000501,092142018000592,武汉音乐学院                                                
42019001,1  ,42019,0,1,500 ,092142019000001,092142019000500,武汉体育学院                                                
42019002,2  ,42019,0,1,500 ,092142019000501,092142019001000,武汉体育学院                                                
42019003,3  ,42019,1,1,500 ,092142019001001,092142019001500,武汉体育学院                                                
42019004,4  ,42019,1,1,233 ,092142019001501,092142019001733,武汉体育学院                                                
42020001,1  ,42020,0,1,500 ,092142020000001,092142020000500,江汉大学                                                    
42020002,2  ,42020,0,1,500 ,092142020000501,092142020001000,江汉大学                                                    
42020003,3  ,42020,0,1,500 ,092142020001001,092142020001500,江汉大学                                                    
42020004,4  ,42020,0,1,500 ,092142020001501,092142020002000,江汉大学                                                    
42020005,5  ,42020,0,1,500 ,092142020002001,092142020002500,江汉大学                                                    
42020006,6  ,42020,0,1,500 ,092142020002501,092142020003000,江汉大学                                                    
42020007,7  ,42020,0,1,500 ,092142020003001,092142020003500,江汉大学                                                    
42020008,8  ,42020,0,1,126 ,092142020003501,092142020003626,江汉大学                                                    
42021001,1  ,42021,0,1,500 ,092142021000001,092142021000500,湖北美术学院                                                
42021002,2  ,42021,1,1,500 ,092142021000501,092142021001000,湖北美术学院                                                
42021003,3  ,42021,1,1,500 ,092142021001001,092142021001500,湖北美术学院                                                
42021004,4  ,42021,1,1,500 ,092142021001501,092142021002000,湖北美术学院                                                
42021005,5  ,42021,2,1,500 ,092142021002001,092142021002500,湖北美术学院                                                
42021006,6  ,42021,2,1,42  ,092142021002501,092142021002542,湖北美术学院                                                
42022001,1  ,42022,1,1,500 ,092142022000001,092142022000500,空军雷达学院                                                
42022002,2  ,42022,1,1,376 ,092142022000501,092142022000876,空军雷达学院                                                
42023001,1  ,42023,0,1,500 ,092142023000001,092142023000500,通信指挥学院                                                
42023002,2  ,42023,0,1,68  ,092142023000501,092142023000568,通信指挥学院                                                
42024001,1  ,42024,0,1,500 ,092142024000001,092142024000500,海军工程大学                                                
42024002,2  ,42024,0,1,500 ,092142024000501,092142024001000,海军工程大学                                                
42024003,3  ,42024,0,1,500 ,092142024001001,092142024001500,海军工程大学                                                
42024004,4  ,42024,0,1,500 ,092142024001501,092142024002000,海军工程大学                                                
42024005,5  ,42024,0,1,223 ,092142024002001,092142024002223,海军工程大学                                                
42025001,1  ,42025,0,1,323 ,092142025000001,092142025000323,第二炮兵指挥学院                                            
42026001,1  ,42026,0,1,500 ,092142026000001,092142026000500,军事经济学院                                                
42026002,2  ,42026,0,1,500 ,092142026000501,092142026001000,军事经济学院                                                
42026003,3  ,42026,0,1,500 ,092142026001001,092142026001500,军事经济学院                                                
42026004,4  ,42026,0,1,117 ,092142026001501,092142026001617,军事经济学院                                                
42027001,1  ,42027,1,1,500 ,092142027000001,092142027000500,湖北警官学院                                                
42027002,2  ,42027,1,1,500 ,092142027000501,092142027001000,湖北警官学院                                                
42027003,3  ,42027,1,1,500 ,092142027001001,092142027001500,湖北警官学院                                                
42027004,4  ,42027,1,1,500 ,092142027001501,092142027002000,湖北警官学院                                                
42027005,5  ,42027,1,1,213 ,092142027002001,092142027002213,湖北警官学院                                                
42029001,1  ,42029,1,1,500 ,092142029000001,092142029000500,湖北第二师范学院                                            
42029002,2  ,42029,1,1,500 ,092142029000501,092142029001000,湖北第二师范学院                                            
42029003,3  ,42029,1,1,500 ,092142029001001,092142029001500,湖北第二师范学院                                            
42029004,4  ,42029,1,1,500 ,092142029001501,092142029002000,湖北第二师范学院                                            
42029005,5  ,42029,1,1,500 ,092142029002001,092142029002500,湖北第二师范学院                                            
42029006,6  ,42029,1,1,500 ,092142029002501,092142029003000,湖北第二师范学院                                            
42029007,7  ,42029,1,1,500 ,092142029003001,092142029003500,湖北第二师范学院                                            
42029008,8  ,42029,1,1,500 ,092142029003501,092142029004000,湖北第二师范学院                                            
42029009,9  ,42029,1,1,500 ,092142029004001,092142029004500,湖北第二师范学院                                            
42029010,10 ,42029,1,1,500 ,092142029004501,092142029005000,湖北第二师范学院                                            
42029011,11 ,42029,2,1,500 ,092142029005001,092142029005500,湖北第二师范学院                                            
42029012,12 ,42029,2,1,500 ,092142029005501,092142029006000,湖北第二师范学院                                            
42029013,13 ,42029,2,1,500 ,092142029006001,092142029006500,湖北第二师范学院                                            
42029014,14 ,42029,3,1,500 ,092142029006501,092142029007000,湖北第二师范学院                                            
42029015,15 ,42029,3,1,500 ,092142029007001,092142029007500,湖北第二师范学院                                            
42029016,16 ,42029,3,1,500 ,092142029007501,092142029008000,湖北第二师范学院                                            
42029017,17 ,42029,3,1,500 ,092142029008001,092142029008500,湖北第二师范学院                                            
42029018,18 ,42029,3,1,500 ,092142029008501,092142029009000,湖北第二师范学院                                            
42029019,19 ,42029,3,1,61  ,092142029009001,092142029009061,湖北第二师范学院                                            
42030001,1  ,42030,0,1,500 ,092142030000001,092142030000500,湖北广播电视大学                                            
42030002,2  ,42030,0,1,500 ,092142030000501,092142030001000,湖北广播电视大学                                            
42030003,3  ,42030,0,1,500 ,092142030001001,092142030001500,湖北广播电视大学                                            
42030004,4  ,42030,0,1,500 ,092142030001501,092142030002000,湖北广播电视大学                                            
42030005,5  ,42030,0,1,500 ,092142030002001,092142030002500,湖北广播电视大学                                            
42030006,6  ,42030,0,1,500 ,092142030002501,092142030003000,湖北广播电视大学                                            
42030007,7  ,42030,0,1,500 ,092142030003001,092142030003500,湖北广播电视大学                                            
42030008,8  ,42030,0,1,500 ,092142030003501,092142030004000,湖北广播电视大学                                            
42030009,9  ,42030,0,1,310 ,092142030004001,092142030004310,湖北广播电视大学                                            
42031001,1  ,42031,0,1,500 ,092142031000001,092142031000500,长江职业学院                                                
42031002,2  ,42031,0,1,500 ,092142031000501,092142031001000,长江职业学院                                                
42031003,3  ,42031,0,1,500 ,092142031001001,092142031001500,长江职业学院                                                
42031004,4  ,42031,0,1,119 ,092142031001501,092142031001619,长江职业学院                                                
42032001,1  ,42032,0,1,500 ,092142032000001,092142032000500,湖北财经高等专科学校                                        
42032002,2  ,42032,0,1,500 ,092142032000501,092142032001000,湖北财经高等专科学校                                        
42032003,3  ,42032,0,1,500 ,092142032001001,092142032001500,湖北财经高等专科学校                                        
42032004,4  ,42032,0,1,500 ,092142032001501,092142032002000,湖北财经高等专科学校                                        
42032005,5  ,42032,0,1,500 ,092142032002001,092142032002500,湖北财经高等专科学校                                        
42032006,6  ,42032,0,1,220 ,092142032002501,092142032002720,湖北财经高等专科学校                                        
42033001,1  ,42033,0,1,500 ,092142033000001,092142033000500,武汉船舶职业技术学院                                        
42033002,2  ,42033,0,1,500 ,092142033000501,092142033001000,武汉船舶职业技术学院                                        
42033003,3  ,42033,0,1,500 ,092142033001001,092142033001500,武汉船舶职业技术学院                                        
42033004,4  ,42033,0,1,500 ,092142033001501,092142033002000,武汉船舶职业技术学院                                        
42033005,5  ,42033,0,1,500 ,092142033002001,092142033002500,武汉船舶职业技术学院                                        
42033006,6  ,42033,0,1,500 ,092142033002501,092142033003000,武汉船舶职业技术学院                                        
42033007,7  ,42033,0,1,463 ,092142033003001,092142033003463,武汉船舶职业技术学院                                        
42034001,1  ,42034,0,1,500 ,092142034000001,092142034000500,武汉商业服务学院                                            
42034002,2  ,42034,0,1,500 ,092142034000501,092142034001000,武汉商业服务学院                                            
42034003,3  ,42034,0,1,500 ,092142034001001,092142034001500,武汉商业服务学院                                            
42034004,4  ,42034,0,1,500 ,092142034001501,092142034002000,武汉商业服务学院                                            
42034005,5  ,42034,0,1,6   ,092142034002001,092142034002006,武汉商业服务学院                                            
42035001,1  ,42035,0,1,500 ,092142035000001,092142035000500,武汉职业技术学院                                            
42035002,2  ,42035,0,1,500 ,092142035000501,092142035001000,武汉职业技术学院                                            
42035003,3  ,42035,0,1,500 ,092142035001001,092142035001500,武汉职业技术学院                                            
42035004,4  ,42035,0,1,500 ,092142035001501,092142035002000,武汉职业技术学院                                            
42035005,5  ,42035,0,1,500 ,092142035002001,092142035002500,武汉职业技术学院                                            
42035006,6  ,42035,0,1,500 ,092142035002501,092142035003000,武汉职业技术学院                                            
42035007,7  ,42035,0,1,500 ,092142035003001,092142035003500,武汉职业技术学院                                            
42035008,8  ,42035,0,1,500 ,092142035003501,092142035004000,武汉职业技术学院                                            
42035009,9  ,42035,0,1,500 ,092142035004001,092142035004500,武汉职业技术学院                                            
42035010,10 ,42035,0,1,500 ,092142035004501,092142035005000,武汉职业技术学院                                            
42035011,11 ,42035,0,1,227 ,092142035005001,092142035005227,武汉职业技术学院                                            
42036001,1  ,42036,1,1,500 ,092142036000001,092142036000500,武汉理工大学                                                
42036002,2  ,42036,1,1,500 ,092142036000501,092142036001000,武汉理工大学                                                
42036003,3  ,42036,1,1,500 ,092142036001001,092142036001500,武汉理工大学                                                
42036004,4  ,42036,1,1,500 ,092142036001501,092142036002000,武汉理工大学                                                
42036005,5  ,42036,1,1,500 ,092142036002001,092142036002500,武汉理工大学                                                
42036006,6  ,42036,2,1,500 ,092142036002501,092142036003000,武汉理工大学                                                
42036007,7  ,42036,2,1,6   ,092142036003001,092142036003006,武汉理工大学                                                
42037001,1  ,42037,0,1,317 ,092142037000001,092142037000317,武警武汉指挥学院                                            
42038001,1  ,42038,0,1,500 ,092142038000001,092142038000500,武汉软件工程职业学院                                        
42038002,2  ,42038,0,1,500 ,092142038000501,092142038001000,武汉软件工程职业学院                                        
42038003,3  ,42038,0,1,500 ,092142038001001,092142038001500,武汉软件工程职业学院                                        
42038004,4  ,42038,0,1,500 ,092142038001501,092142038002000,武汉软件工程职业学院                                        
42038005,5  ,42038,0,1,500 ,092142038002001,092142038002500,武汉软件工程职业学院                                        
42038006,6  ,42038,0,1,486 ,092142038002501,092142038002986,武汉软件工程职业学院                                        
42039001,1  ,42039,0,1,500 ,092142039000001,092142039000500,武汉铁路职业技术学院                                        
42039002,2  ,42039,0,1,500 ,092142039000501,092142039001000,武汉铁路职业技术学院                                        
42039003,3  ,42039,0,1,431 ,092142039001001,092142039001431,武汉铁路职业技术学院                                        
42040001,1  ,42040,0,1,500 ,092142040000001,092142040000500,武汉工程大学邮电与信息工程学院                              
42040002,2  ,42040,0,1,500 ,092142040000501,092142040001000,武汉工程大学邮电与信息工程学院                              
42040003,3  ,42040,0,1,500 ,092142040001001,092142040001500,武汉工程大学邮电与信息工程学院                              
42040004,4  ,42040,0,1,500 ,092142040001501,092142040002000,武汉工程大学邮电与信息工程学院                              
42040005,5  ,42040,0,1,500 ,092142040002001,092142040002500,武汉工程大学邮电与信息工程学院                              
42040006,6  ,42040,0,1,500 ,092142040002501,092142040003000,武汉工程大学邮电与信息工程学院                              
42040007,7  ,42040,0,1,500 ,092142040003001,092142040003500,武汉工程大学邮电与信息工程学院                              
42040008,8  ,42040,0,1,500 ,092142040003501,092142040004000,武汉工程大学邮电与信息工程学院                              
42040009,9  ,42040,0,1,500 ,092142040004001,092142040004500,武汉工程大学邮电与信息工程学院                              
42040010,10 ,42040,0,1,341 ,092142040004501,092142040004841,武汉工程大学邮电与信息工程学院                              
42041001,1  ,42041,0,1,500 ,092142041000001,092142041000500,武汉商贸职业学院                                            
42041002,2  ,42041,0,1,331 ,092142041000501,092142041000831,武汉商贸职业学院                                            
42042001,1  ,42042,0,1,500 ,092142042000001,092142042000500,中南财经政法大学武汉学院                                    
42042002,2  ,42042,0,1,500 ,092142042000501,092142042001000,中南财经政法大学武汉学院                                    
42042003,3  ,42042,0,1,500 ,092142042001001,092142042001500,中南财经政法大学武汉学院                                    
42042004,4  ,42042,0,1,312 ,092142042001501,092142042001812,中南财经政法大学武汉学院                                    
42043001,1  ,42043,0,1,500 ,092142043000001,092142043000500,江汉大学文理学院                                            
42043002,2  ,42043,0,1,500 ,092142043000501,092142043001000,江汉大学文理学院                                            
42043003,3  ,42043,0,1,500 ,092142043001001,092142043001500,江汉大学文理学院                                            
42043004,4  ,42043,0,1,500 ,092142043001501,092142043002000,江汉大学文理学院                                            
42043005,5  ,42043,0,1,21  ,092142043002001,092142043002021,江汉大学文理学院                                            
42061001,1  ,42061,1,1,500 ,092142061000001,092142061000500,长江大学                                                    
42061002,2  ,42061,1,1,500 ,092142061000501,092142061001000,长江大学                                                    
42061003,3  ,42061,1,1,500 ,092142061001001,092142061001500,长江大学                                                    
42061004,4  ,42061,1,1,500 ,092142061001501,092142061002000,长江大学                                                    
42061005,5  ,42061,1,1,500 ,092142061002001,092142061002500,长江大学                                                    
42061006,6  ,42061,1,1,500 ,092142061002501,092142061003000,长江大学                                                    
42061007,7  ,42061,2,1,500 ,092142061003001,092142061003500,长江大学                                                    
42061008,8  ,42061,2,1,500 ,092142061003501,092142061004000,长江大学                                                    
42061009,9  ,42061,2,1,500 ,092142061004001,092142061004500,长江大学                                                    
42061010,10 ,42061,2,1,500 ,092142061004501,092142061005000,长江大学                                                    
42061011,11 ,42061,3,1,500 ,092142061005001,092142061005500,长江大学                                                    
42061012,12 ,42061,3,1,500 ,092142061005501,092142061006000,长江大学                                                    
42061013,13 ,42061,3,1,500 ,092142061006001,092142061006500,长江大学                                                    
42061014,14 ,42061,5,1,500 ,092142061006501,092142061007000,长江大学                                                    
42061015,15 ,42061,5,1,500 ,092142061007001,092142061007500,长江大学                                                    
42061016,16 ,42061,5,1,500 ,092142061007501,092142061008000,长江大学                                                    
42061017,17 ,42061,5,1,473 ,092142061008001,092142061008473,长江大学                                                    
42062001,1  ,42062,0,1,500 ,092142062000001,092142062000500,三峡大学                                                    
42062002,2  ,42062,0,1,500 ,092142062000501,092142062001000,三峡大学                                                    
42062003,3  ,42062,0,1,500 ,092142062001001,092142062001500,三峡大学                                                    
42062004,4  ,42062,0,1,500 ,092142062001501,092142062002000,三峡大学                                                    
42062005,5  ,42062,0,1,500 ,092142062002001,092142062002500,三峡大学                                                    
42062006,6  ,42062,0,1,500 ,092142062002501,092142062003000,三峡大学                                                    
42062007,7  ,42062,0,1,500 ,092142062003001,092142062003500,三峡大学                                                    
42062008,8  ,42062,0,1,500 ,092142062003501,092142062004000,三峡大学                                                    
42062009,9  ,42062,0,1,500 ,092142062004001,092142062004500,三峡大学                                                    
42062010,10 ,42062,0,1,500 ,092142062004501,092142062005000,三峡大学                                                    
42062011,11 ,42062,0,1,500 ,092142062005001,092142062005500,三峡大学                                                    
42062012,12 ,42062,0,1,500 ,092142062005501,092142062006000,三峡大学                                                    
42062013,13 ,42062,0,1,500 ,092142062006001,092142062006500,三峡大学                                                    
42062014,14 ,42062,0,1,500 ,092142062006501,092142062007000,三峡大学                                                    
42062015,15 ,42062,0,1,500 ,092142062007001,092142062007500,三峡大学                                                    
42062016,16 ,42062,0,1,500 ,092142062007501,092142062008000,三峡大学                                                    
42062017,17 ,42062,0,1,500 ,092142062008001,092142062008500,三峡大学                                                    
42062018,18 ,42062,0,1,500 ,092142062008501,092142062009000,三峡大学                                                    
42062019,19 ,42062,0,1,500 ,092142062009001,092142062009500,三峡大学                                                    
42062020,20 ,42062,0,1,500 ,092142062009501,092142062010000,三峡大学                                                    
42062021,21 ,42062,0,1,70  ,092142062010001,092142062010070,三峡大学                                                    
42063001,1  ,42063,0,1,500 ,092142063000001,092142063000500,湖北师范学院                                                
42063002,2  ,42063,0,1,500 ,092142063000501,092142063001000,湖北师范学院                                                
42063003,3  ,42063,0,1,500 ,092142063001001,092142063001500,湖北师范学院                                                
42063004,4  ,42063,0,1,500 ,092142063001501,092142063002000,湖北师范学院                                                
42063005,5  ,42063,0,1,500 ,092142063002001,092142063002500,湖北师范学院                                                
42063006,6  ,42063,0,1,500 ,092142063002501,092142063003000,湖北师范学院                                                
42063007,7  ,42063,0,1,500 ,092142063003001,092142063003500,湖北师范学院                                                
42063008,8  ,42063,0,1,500 ,092142063003501,092142063004000,湖北师范学院                                                
42063009,9  ,42063,0,1,500 ,092142063004001,092142063004500,湖北师范学院                                                
42063010,10 ,42063,0,1,500 ,092142063004501,092142063005000,湖北师范学院                                                
42063011,11 ,42063,0,1,500 ,092142063005001,092142063005500,湖北师范学院                                                
42063012,12 ,42063,0,1,500 ,092142063005501,092142063006000,湖北师范学院                                                
42063013,13 ,42063,0,1,500 ,092142063006001,092142063006500,湖北师范学院                                                
42063014,14 ,42063,0,1,29  ,092142063006501,092142063006529,湖北师范学院                                                
42064001,1  ,42064,0,1,500 ,092142064000001,092142064000500,黄石理工学院                                                
42064002,2  ,42064,0,1,500 ,092142064000501,092142064001000,黄石理工学院                                                
42064003,3  ,42064,0,1,500 ,092142064001001,092142064001500,黄石理工学院                                                
42064004,4  ,42064,0,1,500 ,092142064001501,092142064002000,黄石理工学院                                                
42064005,5  ,42064,0,1,500 ,092142064002001,092142064002500,黄石理工学院                                                
42064006,6  ,42064,0,1,500 ,092142064002501,092142064003000,黄石理工学院                                                
42064007,7  ,42064,0,1,500 ,092142064003001,092142064003500,黄石理工学院                                                
42064008,8  ,42064,0,1,210 ,092142064003501,092142064003710,黄石理工学院                                                
42065001,1  ,42065,0,1,500 ,092142065000001,092142065000500,沙市职业大学                                                
42065002,2  ,42065,0,1,458 ,092142065000501,092142065000958,沙市职业大学                                                
42066001,1  ,42066,0,1,500 ,092142066000001,092142066000500,咸宁学院                                                    
42066002,2  ,42066,0,1,500 ,092142066000501,092142066001000,咸宁学院                                                    
42066003,3  ,42066,0,1,500 ,092142066001001,092142066001500,咸宁学院                                                    
42066004,4  ,42066,0,1,500 ,092142066001501,092142066002000,咸宁学院                                                    
42066005,5  ,42066,0,1,500 ,092142066002001,092142066002500,咸宁学院                                                    
42066006,6  ,42066,0,1,500 ,092142066002501,092142066003000,咸宁学院                                                    
42066007,7  ,42066,0,1,500 ,092142066003001,092142066003500,咸宁学院                                                    
42066008,8  ,42066,1,1,500 ,092142066003501,092142066004000,咸宁学院                                                    
42066009,9  ,42066,1,1,500 ,092142066004001,092142066004500,咸宁学院                                                    
42066010,10 ,42066,1,1,500 ,092142066004501,092142066005000,咸宁学院                                                    
42066011,11 ,42066,1,1,332 ,092142066005001,092142066005332,咸宁学院                                                    
42067001,1  ,42067,1,1,500 ,092142067000001,092142067000500,鄂州职业大学                                                
42067002,2  ,42067,1,1,500 ,092142067000501,092142067001000,鄂州职业大学                                                
42067003,3  ,42067,1,1,93  ,092142067001001,092142067001093,鄂州职业大学                                                
42068001,1  ,42068,1,1,500 ,092142068000001,092142068000500,襄樊学院                                                    
42068002,2  ,42068,2,1,500 ,092142068000501,092142068001000,襄樊学院                                                    
42068003,3  ,42068,2,1,500 ,092142068001001,092142068001500,襄樊学院                                                    
42068004,4  ,42068,2,1,500 ,092142068001501,092142068002000,襄樊学院                                                    
42068005,5  ,42068,2,1,500 ,092142068002001,092142068002500,襄樊学院                                                    
42068006,6  ,42068,2,1,500 ,092142068002501,092142068003000,襄樊学院                                                    
42068007,7  ,42068,2,1,500 ,092142068003001,092142068003500,襄樊学院                                                    
42068008,8  ,42068,2,1,500 ,092142068003501,092142068004000,襄樊学院                                                    
42068009,9  ,42068,2,1,500 ,092142068004001,092142068004500,襄樊学院                                                    
42068010,10 ,42068,2,1,500 ,092142068004501,092142068005000,襄樊学院                                                    
42068011,11 ,42068,2,1,235 ,092142068005001,092142068005235,襄樊学院                                                    
42069001,1  ,42069,0,1,500 ,092142069000001,092142069000500,襄樊职业技术学院                                            
42069002,2  ,42069,0,1,500 ,092142069000501,092142069001000,襄樊职业技术学院                                            
42069003,3  ,42069,0,1,156 ,092142069001001,092142069001156,襄樊职业技术学院                                            
42070001,1  ,42070,0,1,500 ,092142070000001,092142070000500,孝感学院                                                    
42070002,2  ,42070,0,1,500 ,092142070000501,092142070001000,孝感学院                                                    
42070003,3  ,42070,0,1,500 ,092142070001001,092142070001500,孝感学院                                                    
42070004,4  ,42070,0,1,500 ,092142070001501,092142070002000,孝感学院                                                    
42070005,5  ,42070,0,1,500 ,092142070002001,092142070002500,孝感学院                                                    
42070006,6  ,42070,0,1,500 ,092142070002501,092142070003000,孝感学院                                                    
42070007,7  ,42070,0,1,500 ,092142070003001,092142070003500,孝感学院                                                    
42070008,8  ,42070,0,1,477 ,092142070003501,092142070003977,孝感学院                                                    
42071001,1  ,42071,0,1,500 ,092142071000001,092142071000500,湖北职业技术学院                                            
42071002,2  ,42071,0,1,500 ,092142071000501,092142071001000,湖北职业技术学院                                            
42071003,3  ,42071,0,1,500 ,092142071001001,092142071001500,湖北职业技术学院                                            
42071004,4  ,42071,0,1,178 ,092142071001501,092142071001678,湖北职业技术学院                                            
42072001,1  ,42072,0,1,500 ,092142072000001,092142072000500,湖北汽车工业学院                                            
42072002,2  ,42072,0,1,500 ,092142072000501,092142072001000,湖北汽车工业学院                                            
42072003,3  ,42072,0,1,500 ,092142072001001,092142072001500,湖北汽车工业学院                                            
42072004,4  ,42072,0,1,500 ,092142072001501,092142072002000,湖北汽车工业学院                                            
42072005,5  ,42072,0,1,500 ,092142072002001,092142072002500,湖北汽车工业学院                                            
42072006,6  ,42072,0,1,500 ,092142072002501,092142072003000,湖北汽车工业学院                                            
42072007,7  ,42072,0,1,500 ,092142072003001,092142072003500,湖北汽车工业学院                                            
42072008,8  ,42072,0,1,500 ,092142072003501,092142072004000,湖北汽车工业学院                                            
42072009,9  ,42072,0,1,30  ,092142072004001,092142072004030,湖北汽车工业学院                                            
42073001,1  ,42073,0,1,500 ,092142073000001,092142073000500,十堰职业技术学院                                            
42073002,2  ,42073,0,1,266 ,092142073000501,092142073000766,十堰职业技术学院                                            
42074001,1  ,42074,0,1,500 ,092142074000001,092142074000500,郧阳师范高等专科学校                                        
42074002,2  ,42074,0,1,500 ,092142074000501,092142074001000,郧阳师范高等专科学校                                        
42074003,3  ,42074,1,1,500 ,092142074001001,092142074001500,郧阳师范高等专科学校                                        
42074004,4  ,42074,1,1,500 ,092142074001501,092142074002000,郧阳师范高等专科学校                                        
42074005,5  ,42074,1,1,105 ,092142074002001,092142074002105,郧阳师范高等专科学校                                        
42075001,1  ,42075,0,1,500 ,092142075000001,092142075000500,郧阳医学院                                                  
42075002,2  ,42075,0,1,500 ,092142075000501,092142075001000,郧阳医学院                                                  
42075003,3  ,42075,0,1,500 ,092142075001001,092142075001500,郧阳医学院                                                  
42075004,4  ,42075,0,1,500 ,092142075001501,092142075002000,郧阳医学院                                                  
42075005,5  ,42075,0,1,500 ,092142075002001,092142075002500,郧阳医学院                                                  
42075006,6  ,42075,0,1,500 ,092142075002501,092142075003000,郧阳医学院                                                  
42075007,7  ,42075,0,1,315 ,092142075003001,092142075003315,郧阳医学院                                                  
42076001,1  ,42076,1,1,500 ,092142076000001,092142076000500,荆楚理工学院                                                
42076002,2  ,42076,1,1,500 ,092142076000501,092142076001000,荆楚理工学院                                                
42076003,3  ,42076,1,1,500 ,092142076001001,092142076001500,荆楚理工学院                                                
42076004,4  ,42076,2,1,500 ,092142076001501,092142076002000,荆楚理工学院                                                
42076005,5  ,42076,2,1,500 ,092142076002001,092142076002500,荆楚理工学院                                                
42076006,6  ,42076,2,1,22  ,092142076002501,092142076002522,荆楚理工学院                                                
42078001,1  ,42078,1,1,500 ,092142078000001,092142078000500,黄冈师范学院                                                
42078002,2  ,42078,1,1,500 ,092142078000501,092142078001000,黄冈师范学院                                                
42078003,3  ,42078,1,1,500 ,092142078001001,092142078001500,黄冈师范学院                                                
42078004,4  ,42078,1,1,500 ,092142078001501,092142078002000,黄冈师范学院                                                
42078005,5  ,42078,1,1,500 ,092142078002001,092142078002500,黄冈师范学院                                                
42078006,6  ,42078,2,1,500 ,092142078002501,092142078003000,黄冈师范学院                                                
42078007,7  ,42078,3,1,291 ,092142078003001,092142078003291,黄冈师范学院                                                
42079001,1  ,42079,0,1,500 ,092142079000001,092142079000500,湖北民族学院                                                
42079002,2  ,42079,0,1,500 ,092142079000501,092142079001000,湖北民族学院                                                
42079003,3  ,42079,0,1,500 ,092142079001001,092142079001500,湖北民族学院                                                
42079004,4  ,42079,0,1,500 ,092142079001501,092142079002000,湖北民族学院                                                
42079005,5  ,42079,0,1,500 ,092142079002001,092142079002500,湖北民族学院                                                
42079006,6  ,42079,0,1,500 ,092142079002501,092142079003000,湖北民族学院                                                
42079007,7  ,42079,0,1,500 ,092142079003001,092142079003500,湖北民族学院                                                
42079008,8  ,42079,0,1,500 ,092142079003501,092142079004000,湖北民族学院                                                
42079009,9  ,42079,0,1,500 ,092142079004001,092142079004500,湖北民族学院                                                
42079010,10 ,42079,0,1,500 ,092142079004501,092142079005000,湖北民族学院                                                
42079011,11 ,42079,0,1,500 ,092142079005001,092142079005500,湖北民族学院                                                
42079012,12 ,42079,0,1,500 ,092142079005501,092142079006000,湖北民族学院                                                
42079013,13 ,42079,0,1,500 ,092142079006001,092142079006500,湖北民族学院                                                
42079014,14 ,42079,0,1,500 ,092142079006501,092142079007000,湖北民族学院                                                
42079015,15 ,42079,0,1,385 ,092142079007001,092142079007385,湖北民族学院                                                
42080001,1  ,42080,0,1,265 ,092142080000001,092142080000265,荆州教育学院                                                
42081001,1  ,42081,0,1,500 ,092142081000001,092142081000500,荆州职业技术学院                                            
42081002,2  ,42081,0,1,500 ,092142081000501,092142081001000,荆州职业技术学院                                            
42081003,3  ,42081,0,1,254 ,092142081001001,092142081001254,荆州职业技术学院                                            
42082001,1  ,42082,0,1,500 ,092142082000001,092142082000500,黄冈职业技术学院                                            
42082002,2  ,42082,0,1,500 ,092142082000501,092142082001000,黄冈职业技术学院                                            
42082003,3  ,42082,0,1,216 ,092142082001001,092142082001216,黄冈职业技术学院                                            
42083001,1  ,42083,0,1,469 ,092142083000001,092142083000469,三峡旅游职业技术学院                                        
42084001,1  ,42084,0,1,500 ,092142084000001,092142084000500,咸宁职业技术学院                                            
42084002,2  ,42084,0,1,500 ,092142084000501,092142084001000,咸宁职业技术学院                                            
42084003,3  ,42084,0,1,117 ,092142084001001,092142084001117,咸宁职业技术学院                                            
42085001,1  ,42085,0,1,500 ,092142085000001,092142085000500,鄂东职业技术学院                                            
42085002,2  ,42085,0,1,323 ,092142085000501,092142085000823,鄂东职业技术学院                                            
42086001,1  ,42086,0,1,500 ,092142086000001,092142086000500,湖北三峡职业技术学院                                        
42086002,2  ,42086,0,1,242 ,092142086000501,092142086000742,湖北三峡职业技术学院                                        
42087001,1  ,42087,0,1,500 ,092142087000001,092142087000500,湖北中医药高等专科学校                                      
42087002,2  ,42087,0,1,500 ,092142087000501,092142087001000,湖北中医药高等专科学校                                      
42087003,3  ,42087,0,1,500 ,092142087001001,092142087001500,湖北中医药高等专科学校                                      
42087004,4  ,42087,0,1,111 ,092142087001501,092142087001611,湖北中医药高等专科学校                                      
42090001,1  ,42090,0,1,500 ,092142090000001,092142090000500,华中科技大学文华学院                                        
42090002,2  ,42090,0,1,500 ,092142090000501,092142090001000,华中科技大学文华学院                                        
42090003,3  ,42090,0,1,500 ,092142090001001,092142090001500,华中科技大学文华学院                                        
42090004,4  ,42090,0,1,500 ,092142090001501,092142090002000,华中科技大学文华学院                                        
42090005,5  ,42090,0,1,500 ,092142090002001,092142090002500,华中科技大学文华学院                                        
42090006,6  ,42090,0,1,500 ,092142090002501,092142090003000,华中科技大学文华学院                                        
42090007,7  ,42090,0,1,500 ,092142090003001,092142090003500,华中科技大学文华学院                                        
42090008,8  ,42090,0,1,500 ,092142090003501,092142090004000,华中科技大学文华学院                                        
42090009,9  ,42090,0,1,500 ,092142090004001,092142090004500,华中科技大学文华学院                                        
42090010,10 ,42090,0,1,500 ,092142090004501,092142090005000,华中科技大学文华学院                                        
42090011,11 ,42090,0,1,500 ,092142090005001,092142090005500,华中科技大学文华学院                                        
42090012,12 ,42090,0,1,55  ,092142090005501,092142090005555,华中科技大学文华学院                                        
42091001,1  ,42091,0,1,500 ,092142091000001,092142091000500,华中科技大学武昌分校                                        
42091002,2  ,42091,0,1,500 ,092142091000501,092142091001000,华中科技大学武昌分校                                        
42091003,3  ,42091,0,1,500 ,092142091001001,092142091001500,华中科技大学武昌分校                                        
42091004,4  ,42091,0,1,500 ,092142091001501,092142091002000,华中科技大学武昌分校                                        
42091005,5  ,42091,0,1,500 ,092142091002001,092142091002500,华中科技大学武昌分校                                        
42091006,6  ,42091,0,1,500 ,092142091002501,092142091003000,华中科技大学武昌分校                                        
42091007,7  ,42091,0,1,500 ,092142091003001,092142091003500,华中科技大学武昌分校                                        
42091008,8  ,42091,0,1,500 ,092142091003501,092142091004000,华中科技大学武昌分校                                        
42091009,9  ,42091,0,1,500 ,092142091004001,092142091004500,华中科技大学武昌分校                                        
42091010,10 ,42091,0,1,474 ,092142091004501,092142091004974,华中科技大学武昌分校                                        
42092001,1  ,42092,0,1,500 ,092142092000001,092142092000500,武汉大学东湖分校                                            
42092002,2  ,42092,0,1,500 ,092142092000501,092142092001000,武汉大学东湖分校                                            
42092003,3  ,42092,0,1,500 ,092142092001001,092142092001500,武汉大学东湖分校                                            
42092004,4  ,42092,0,1,500 ,092142092001501,092142092002000,武汉大学东湖分校                                            
42092005,5  ,42092,0,1,500 ,092142092002001,092142092002500,武汉大学东湖分校                                            
42092006,6  ,42092,0,1,406 ,092142092002501,092142092002906,武汉大学东湖分校                                            
42093001,1  ,42093,0,1,500 ,092142093000001,092142093000500,武汉生物工程学院                                            
42093002,2  ,42093,0,1,500 ,092142093000501,092142093001000,武汉生物工程学院                                            
42093003,3  ,42093,0,1,500 ,092142093001001,092142093001500,武汉生物工程学院                                            
42093004,4  ,42093,0,1,500 ,092142093001501,092142093002000,武汉生物工程学院                                            
42093005,5  ,42093,0,1,500 ,092142093002001,092142093002500,武汉生物工程学院                                            
42093006,6  ,42093,0,1,500 ,092142093002501,092142093003000,武汉生物工程学院                                            
42093007,7  ,42093,0,1,500 ,092142093003001,092142093003500,武汉生物工程学院                                            
42093008,8  ,42093,0,1,500 ,092142093003501,092142093004000,武汉生物工程学院                                            
42093009,9  ,42093,0,1,500 ,092142093004001,092142093004500,武汉生物工程学院                                            
42093010,10 ,42093,0,1,500 ,092142093004501,092142093005000,武汉生物工程学院                                            
42093011,11 ,42093,0,1,277 ,092142093005001,092142093005277,武汉生物工程学院                                            
42094001,1  ,42094,0,1,500 ,092142094000001,092142094000500,武汉科技大学中南分校                                        
42094002,2  ,42094,0,1,500 ,092142094000501,092142094001000,武汉科技大学中南分校                                        
42094003,3  ,42094,0,1,500 ,092142094001001,092142094001500,武汉科技大学中南分校                                        
42094004,4  ,42094,0,1,500 ,092142094001501,092142094002000,武汉科技大学中南分校                                        
42094005,5  ,42094,0,1,500 ,092142094002001,092142094002500,武汉科技大学中南分校                                        
42094006,6  ,42094,0,1,500 ,092142094002501,092142094003000,武汉科技大学中南分校                                        
42094007,7  ,42094,0,1,500 ,092142094003001,092142094003500,武汉科技大学中南分校                                        
42094008,8  ,42094,0,1,9   ,092142094003501,092142094003509,武汉科技大学中南分校                                        
42095001,1  ,42095,0,1,500 ,092142095000001,092142095000500,武汉科技大学城市学院                                        
42095002,2  ,42095,0,1,500 ,092142095000501,092142095001000,武汉科技大学城市学院                                        
42095003,3  ,42095,0,1,500 ,092142095001001,092142095001500,武汉科技大学城市学院                                        
42095004,4  ,42095,0,1,500 ,092142095001501,092142095002000,武汉科技大学城市学院                                        
42095005,5  ,42095,0,1,500 ,092142095002001,092142095002500,武汉科技大学城市学院                                        
42095006,6  ,42095,0,1,500 ,092142095002501,092142095003000,武汉科技大学城市学院                                        
42095007,7  ,42095,0,1,500 ,092142095003001,092142095003500,武汉科技大学城市学院                                        
42095008,8  ,42095,0,1,500 ,092142095003501,092142095004000,武汉科技大学城市学院                                        
42095009,9  ,42095,0,1,500 ,092142095004001,092142095004500,武汉科技大学城市学院                                        
42095010,10 ,42095,0,1,500 ,092142095004501,092142095005000,武汉科技大学城市学院                                        
42095011,11 ,42095,0,1,500 ,092142095005001,092142095005500,武汉科技大学城市学院                                        
42095012,12 ,42095,0,1,333 ,092142095005501,092142095005833,武汉科技大学城市学院                                        
42096001,1  ,42096,1,1,500 ,092142096000001,092142096000500,中南民族大学工商学院                                        
42096002,2  ,42096,1,1,500 ,092142096000501,092142096001000,中南民族大学工商学院                                        
42096003,3  ,42096,1,1,500 ,092142096001001,092142096001500,中南民族大学工商学院                                        
42096004,4  ,42096,1,1,500 ,092142096001501,092142096002000,中南民族大学工商学院                                        
42096005,5  ,42096,1,1,500 ,092142096002001,092142096002500,中南民族大学工商学院                                        
42096006,6  ,42096,1,1,500 ,092142096002501,092142096003000,中南民族大学工商学院                                        
42096007,7  ,42096,1,1,500 ,092142096003001,092142096003500,中南民族大学工商学院                                        
42096008,8  ,42096,1,1,252 ,092142096003501,092142096003752,中南民族大学工商学院                                        
42097001,1  ,42097,0,1,500 ,092142097000001,092142097000500,华中师范大学汉口分校                                        
42097002,2  ,42097,0,1,500 ,092142097000501,092142097001000,华中师范大学汉口分校                                        
42097003,3  ,42097,0,1,500 ,092142097001001,092142097001500,华中师范大学汉口分校                                        
42097004,4  ,42097,0,1,500 ,092142097001501,092142097002000,华中师范大学汉口分校                                        
42097005,5  ,42097,0,1,500 ,092142097002001,092142097002500,华中师范大学汉口分校                                        
42097006,6  ,42097,0,1,500 ,092142097002501,092142097003000,华中师范大学汉口分校                                        
42097007,7  ,42097,0,1,500 ,092142097003001,092142097003500,华中师范大学汉口分校                                        
42097008,8  ,42097,0,1,367 ,092142097003501,092142097003867,华中师范大学汉口分校                                        
42098001,1  ,42098,0,1,500 ,092142098000001,092142098000500,武汉理工大学华夏学院                                        
42098002,2  ,42098,0,1,500 ,092142098000501,092142098001000,武汉理工大学华夏学院                                        
42098003,3  ,42098,0,1,500 ,092142098001001,092142098001500,武汉理工大学华夏学院                                        
42098004,4  ,42098,0,1,500 ,092142098001501,092142098002000,武汉理工大学华夏学院                                        
42098005,5  ,42098,0,1,500 ,092142098002001,092142098002500,武汉理工大学华夏学院                                        
42098006,6  ,42098,0,1,500 ,092142098002501,092142098003000,武汉理工大学华夏学院                                        
42098007,7  ,42098,0,1,500 ,092142098003001,092142098003500,武汉理工大学华夏学院                                        
42098008,8  ,42098,0,1,451 ,092142098003501,092142098003951,武汉理工大学华夏学院                                        
42099001,1  ,42099,0,1,500 ,092142099000001,092142099000500,中国地质大学江城学院                                        
42099002,2  ,42099,0,1,500 ,092142099000501,092142099001000,中国地质大学江城学院                                        
42099003,3  ,42099,0,1,500 ,092142099001001,092142099001500,中国地质大学江城学院                                        
42099004,4  ,42099,0,1,500 ,092142099001501,092142099002000,中国地质大学江城学院                                        
42099005,5  ,42099,0,1,500 ,092142099002001,092142099002500,中国地质大学江城学院                                        
42099006,6  ,42099,0,1,500 ,092142099002501,092142099003000,中国地质大学江城学院                                        
42099007,7  ,42099,0,1,500 ,092142099003001,092142099003500,中国地质大学江城学院                                        
42099008,8  ,42099,0,1,311 ,092142099003501,092142099003811,中国地质大学江城学院                                        
