46002001,1  ,46002,0,1,500 ,092146002000001,092146002000500,海南师范大学                                                
46002002,2  ,46002,0,1,500 ,092146002000501,092146002001000,海南师范大学                                                
46002003,3  ,46002,0,1,500 ,092146002001001,092146002001500,海南师范大学                                                
46002004,4  ,46002,0,1,500 ,092146002001501,092146002002000,海南师范大学                                                
46002005,5  ,46002,0,1,500 ,092146002002001,092146002002500,海南师范大学                                                
46002006,6  ,46002,0,1,500 ,092146002002501,092146002003000,海南师范大学                                                
46002007,7  ,46002,1,1,500 ,092146002003001,092146002003500,海南师范大学                                                
46002008,8  ,46002,1,1,500 ,092146002003501,092146002004000,海南师范大学                                                
46002009,9  ,46002,1,1,500 ,092146002004001,092146002004500,海南师范大学                                                
46002010,10 ,46002,1,1,359 ,092146002004501,092146002004859,海南师范大学                                                
46003001,1  ,46003,0,1,500 ,092146003000001,092146003000500,海南医学院                                                  
46003002,2  ,46003,0,1,500 ,092146003000501,092146003001000,海南医学院                                                  
46003003,3  ,46003,0,1,500 ,092146003001001,092146003001500,海南医学院                                                  
46003004,4  ,46003,0,1,500 ,092146003001501,092146003002000,海南医学院                                                  
46003005,5  ,46003,0,1,457 ,092146003002001,092146003002457,海南医学院                                                  
46005001,1  ,46005,0,1,500 ,092146005000001,092146005000500,琼州大学                                                    
46005002,2  ,46005,1,1,500 ,092146005000501,092146005001000,琼州大学                                                    
46005003,3  ,46005,1,1,500 ,092146005001001,092146005001500,琼州大学                                                    
46005004,4  ,46005,1,1,500 ,092146005001501,092146005002000,琼州大学                                                    
46005005,5  ,46005,1,1,500 ,092146005002001,092146005002500,琼州大学                                                    
46005006,6  ,46005,1,1,253 ,092146005002501,092146005002753,琼州大学                                                    
46007001,1  ,46007,0,1,500 ,092146007000001,092146007000500,海南职业技术学院                                            
46007002,2  ,46007,0,1,500 ,092146007000501,092146007001000,海南职业技术学院                                            
46007003,3  ,46007,0,1,274 ,092146007001001,092146007001274,海南职业技术学院                                            
46008001,1  ,46008,0,1,500 ,092146008000001,092146008000500,海口经济职业学院                                            
46008002,2  ,46008,0,1,500 ,092146008000501,092146008001000,海口经济职业学院                                            
46008003,3  ,46008,0,1,500 ,092146008001001,092146008001500,海口经济职业学院                                            
46008004,4  ,46008,0,1,500 ,092146008001501,092146008002000,海口经济职业学院                                            
46008005,5  ,46008,0,1,500 ,092146008002001,092146008002500,海口经济职业学院                                            
46008006,6  ,46008,0,1,70  ,092146008002501,092146008002570,海口经济职业学院                                            
46010001,1  ,46010,0,1,500 ,092146010000001,092146010000500,琼台师范高等专科学校                                        
46010002,2  ,46010,0,1,500 ,092146010000501,092146010001000,琼台师范高等专科学校                                        
46010003,3  ,46010,0,1,440 ,092146010001001,092146010001440,琼台师范高等专科学校                                        
46011001,1  ,46011,0,1,500 ,092146011000001,092146011000500,海南外国语职业学院                                          
46011002,2  ,46011,0,1,500 ,092146011000501,092146011001000,海南外国语职业学院                                          
46011003,3  ,46011,0,1,356 ,092146011001001,092146011001356,海南外国语职业学院                                          
46012001,1  ,46012,0,1,157 ,092146012000001,092146012000157,三亚卓达旅游职业学院                                        
46013001,1  ,46013,0,1,500 ,092146013000001,092146013000500,海南经贸职业技术学院                                        
46013002,2  ,46013,0,1,500 ,092146013000501,092146013001000,海南经贸职业技术学院                                        
46013003,3  ,46013,0,1,286 ,092146013001001,092146013001286,海南经贸职业技术学院                                        
46014001,1  ,46014,0,1,500 ,092146014000001,092146014000500,海南政法职业学院                                            
46014002,2  ,46014,0,1,128 ,092146014000501,092146014000628,海南政法职业学院                                            
46016001,1  ,46016,0,1,500 ,092146016000001,092146016000500,海南广播电视大学                                            
46016002,2  ,46016,0,1,500 ,092146016000501,092146016001000,海南广播电视大学                                            
46016003,3  ,46016,0,1,500 ,092146016001001,092146016001500,海南广播电视大学                                            
46016004,4  ,46016,0,1,500 ,092146016001501,092146016002000,海南广播电视大学                                            
46016005,5  ,46016,0,1,500 ,092146016002001,092146016002500,海南广播电视大学                                            
46016006,6  ,46016,0,1,500 ,092146016002501,092146016003000,海南广播电视大学                                            
46016007,7  ,46016,0,1,500 ,092146016003001,092146016003500,海南广播电视大学                                            
46016008,8  ,46016,0,1,500 ,092146016003501,092146016004000,海南广播电视大学                                            
46016009,9  ,46016,0,1,500 ,092146016004001,092146016004500,海南广播电视大学                                            
46016010,10 ,46016,0,1,500 ,092146016004501,092146016005000,海南广播电视大学                                            
46016011,11 ,46016,0,1,500 ,092146016005001,092146016005500,海南广播电视大学                                            
46016012,12 ,46016,0,1,500 ,092146016005501,092146016006000,海南广播电视大学                                            
46016013,13 ,46016,0,1,184 ,092146016006001,092146016006184,海南广播电视大学                                            
46017001,1  ,46017,0,1,500 ,092146017000001,092146017000500,三亚航空旅游职业学院                                        
46017002,2  ,46017,0,1,500 ,092146017000501,092146017001000,三亚航空旅游职业学院                                        
46017003,3  ,46017,0,1,229 ,092146017001001,092146017001229,三亚航空旅游职业学院                                        
46018001,1  ,46018,0,1,500 ,092146018000001,092146018000500,海南大学                                                    
46018002,2  ,46018,0,1,500 ,092146018000501,092146018001000,海南大学                                                    
46018003,3  ,46018,0,1,500 ,092146018001001,092146018001500,海南大学                                                    
46018004,4  ,46018,0,1,500 ,092146018001501,092146018002000,海南大学                                                    
46018005,5  ,46018,0,1,500 ,092146018002001,092146018002500,海南大学                                                    
46018006,6  ,46018,0,1,500 ,092146018002501,092146018003000,海南大学                                                    
46018007,7  ,46018,0,1,500 ,092146018003001,092146018003500,海南大学                                                    
46018008,8  ,46018,0,1,500 ,092146018003501,092146018004000,海南大学                                                    
46018009,9  ,46018,0,1,500 ,092146018004001,092146018004500,海南大学                                                    
46018010,10 ,46018,0,1,500 ,092146018004501,092146018005000,海南大学                                                    
46018011,11 ,46018,0,1,500 ,092146018005001,092146018005500,海南大学                                                    
46018012,12 ,46018,1,1,500 ,092146018005501,092146018006000,海南大学                                                    
46018013,13 ,46018,1,1,500 ,092146018006001,092146018006500,海南大学                                                    
46018014,14 ,46018,1,1,500 ,092146018006501,092146018007000,海南大学                                                    
46018015,15 ,46018,1,1,500 ,092146018007001,092146018007500,海南大学                                                    
46018016,16 ,46018,2,1,500 ,092146018007501,092146018008000,海南大学                                                    
46018017,17 ,46018,2,1,500 ,092146018008001,092146018008500,海南大学                                                    
46018018,18 ,46018,2,1,48  ,092146018008501,092146018008548,海南大学                                                    
46019001,1  ,46019,0,1,423 ,092146019000001,092146019000423,海南软件职业技术学院                                        
