43001001,1  ,43001,1,1,500 ,092143001000001,092143001000500,湖南大学                                                    
43001002,2  ,43001,1,1,500 ,092143001000501,092143001001000,湖南大学                                                    
43001003,3  ,43001,1,1,500 ,092143001001001,092143001001500,湖南大学                                                    
43001004,4  ,43001,1,1,500 ,092143001001501,092143001002000,湖南大学                                                    
43001005,5  ,43001,1,1,500 ,092143001002001,092143001002500,湖南大学                                                    
43001006,6  ,43001,1,1,500 ,092143001002501,092143001003000,湖南大学                                                    
43001007,7  ,43001,1,1,500 ,092143001003001,092143001003500,湖南大学                                                    
43001008,8  ,43001,1,1,500 ,092143001003501,092143001004000,湖南大学                                                    
43001009,9  ,43001,2,1,500 ,092143001004001,092143001004500,湖南大学                                                    
43001010,10 ,43001,2,1,500 ,092143001004501,092143001005000,湖南大学                                                    
43001011,11 ,43001,2,1,229 ,092143001005001,092143001005229,湖南大学                                                    
43002001,1  ,43002,1,1,500 ,092143002000001,092143002000500,中南大学                                                    
43002002,2  ,43002,1,1,500 ,092143002000501,092143002001000,中南大学                                                    
43002003,3  ,43002,1,1,500 ,092143002001001,092143002001500,中南大学                                                    
43002004,4  ,43002,1,1,500 ,092143002001501,092143002002000,中南大学                                                    
43002005,5  ,43002,2,1,500 ,092143002002001,092143002002500,中南大学                                                    
43002006,6  ,43002,2,1,500 ,092143002002501,092143002003000,中南大学                                                    
43002007,7  ,43002,3,1,365 ,092143002003001,092143002003365,中南大学                                                    
43003001,1  ,43003,1,1,500 ,092143003000001,092143003000500,湖南师范大学                                                
43003002,2  ,43003,1,1,500 ,092143003000501,092143003001000,湖南师范大学                                                
43003003,3  ,43003,1,1,500 ,092143003001001,092143003001500,湖南师范大学                                                
43003004,4  ,43003,1,1,500 ,092143003001501,092143003002000,湖南师范大学                                                
43003005,5  ,43003,1,1,500 ,092143003002001,092143003002500,湖南师范大学                                                
43003006,6  ,43003,2,1,312 ,092143003002501,092143003002812,湖南师范大学                                                
43004001,1  ,43004,3,1,500 ,092143004000001,092143004000500,国防科学技术大学                                            
43004002,2  ,43004,3,1,500 ,092143004000501,092143004001000,国防科学技术大学                                            
43004003,3  ,43004,3,1,100 ,092143004001001,092143004001100,国防科学技术大学                                            
43005001,1  ,43005,1,1,500 ,092143005000001,092143005000500,湖南农业大学                                                
43005002,2  ,43005,1,1,500 ,092143005000501,092143005001000,湖南农业大学                                                
43005003,3  ,43005,1,1,500 ,092143005001001,092143005001500,湖南农业大学                                                
43005004,4  ,43005,1,1,500 ,092143005001501,092143005002000,湖南农业大学                                                
43005005,5  ,43005,1,1,500 ,092143005002001,092143005002500,湖南农业大学                                                
43005006,6  ,43005,1,1,500 ,092143005002501,092143005003000,湖南农业大学                                                
43005007,7  ,43005,1,1,500 ,092143005003001,092143005003500,湖南农业大学                                                
43005008,8  ,43005,1,1,349 ,092143005003501,092143005003849,湖南农业大学                                                
43006001,1  ,43006,1,1,500 ,092143006000001,092143006000500,长沙理工大学                                                
43006002,2  ,43006,1,1,500 ,092143006000501,092143006001000,长沙理工大学                                                
43006003,3  ,43006,1,1,500 ,092143006001001,092143006001500,长沙理工大学                                                
43006004,4  ,43006,1,1,500 ,092143006001501,092143006002000,长沙理工大学                                                
43006005,5  ,43006,1,1,500 ,092143006002001,092143006002500,长沙理工大学                                                
43006006,6  ,43006,1,1,500 ,092143006002501,092143006003000,长沙理工大学                                                
43006007,7  ,43006,1,1,500 ,092143006003001,092143006003500,长沙理工大学                                                
43006008,8  ,43006,1,1,500 ,092143006003501,092143006004000,长沙理工大学                                                
43006009,9  ,43006,1,1,500 ,092143006004001,092143006004500,长沙理工大学                                                
43006010,10 ,43006,1,1,500 ,092143006004501,092143006005000,长沙理工大学                                                
43006011,11 ,43006,1,1,500 ,092143006005001,092143006005500,长沙理工大学                                                
43006012,12 ,43006,1,1,500 ,092143006005501,092143006006000,长沙理工大学                                                
43006013,13 ,43006,1,1,500 ,092143006006001,092143006006500,长沙理工大学                                                
43006014,14 ,43006,1,1,500 ,092143006006501,092143006007000,长沙理工大学                                                
43006015,15 ,43006,1,1,500 ,092143006007001,092143006007500,长沙理工大学                                                
43006016,16 ,43006,2,1,500 ,092143006007501,092143006008000,长沙理工大学                                                
43006017,17 ,43006,2,1,500 ,092143006008001,092143006008500,长沙理工大学                                                
43006018,18 ,43006,2,1,500 ,092143006008501,092143006009000,长沙理工大学                                                
43006019,19 ,43006,2,1,500 ,092143006009001,092143006009500,长沙理工大学                                                
43006020,20 ,43006,2,1,500 ,092143006009501,092143006010000,长沙理工大学                                                
43006021,21 ,43006,2,1,500 ,092143006010001,092143006010500,长沙理工大学                                                
43006022,22 ,43006,2,1,500 ,092143006010501,092143006011000,长沙理工大学                                                
43006023,23 ,43006,2,1,500 ,092143006011001,092143006011500,长沙理工大学                                                
43006024,24 ,43006,2,1,500 ,092143006011501,092143006012000,长沙理工大学                                                
43006025,25 ,43006,2,1,500 ,092143006012001,092143006012500,长沙理工大学                                                
43006026,26 ,43006,2,1,500 ,092143006012501,092143006013000,长沙理工大学                                                
43006027,27 ,43006,2,1,500 ,092143006013001,092143006013500,长沙理工大学                                                
43006028,28 ,43006,2,1,500 ,092143006013501,092143006014000,长沙理工大学                                                
43006029,29 ,43006,2,1,500 ,092143006014001,092143006014500,长沙理工大学                                                
43006030,30 ,43006,2,1,135 ,092143006014501,092143006014635,长沙理工大学                                                
43007001,1  ,43007,1,1,500 ,092143007000001,092143007000500,湖南中医药大学                                              
43007002,2  ,43007,1,1,500 ,092143007000501,092143007001000,湖南中医药大学                                              
43007003,3  ,43007,1,1,500 ,092143007001001,092143007001500,湖南中医药大学                                              
43007004,4  ,43007,1,1,500 ,092143007001501,092143007002000,湖南中医药大学                                              
43007005,5  ,43007,1,1,500 ,092143007002001,092143007002500,湖南中医药大学                                              
43007006,6  ,43007,1,1,500 ,092143007002501,092143007003000,湖南中医药大学                                              
43007007,7  ,43007,1,1,500 ,092143007003001,092143007003500,湖南中医药大学                                              
43007008,8  ,43007,1,1,500 ,092143007003501,092143007004000,湖南中医药大学                                              
43007009,9  ,43007,1,1,500 ,092143007004001,092143007004500,湖南中医药大学                                              
43007010,10 ,43007,1,1,184 ,092143007004501,092143007004684,湖南中医药大学                                              
43008001,1  ,43008,1,1,500 ,092143008000001,092143008000500,湖南商学院                                                  
43008002,2  ,43008,1,1,500 ,092143008000501,092143008001000,湖南商学院                                                  
43008003,3  ,43008,1,1,500 ,092143008001001,092143008001500,湖南商学院                                                  
43008004,4  ,43008,1,1,500 ,092143008001501,092143008002000,湖南商学院                                                  
43008005,5  ,43008,2,1,500 ,092143008002001,092143008002500,湖南商学院                                                  
43008006,6  ,43008,2,1,500 ,092143008002501,092143008003000,湖南商学院                                                  
43008007,7  ,43008,2,1,500 ,092143008003001,092143008003500,湖南商学院                                                  
43008008,8  ,43008,2,1,500 ,092143008003501,092143008004000,湖南商学院                                                  
43008009,9  ,43008,2,1,122 ,092143008004001,092143008004122,湖南商学院                                                  
43009001,1  ,43009,1,1,500 ,092143009000001,092143009000500,中南林业科技大学                                            
43009002,2  ,43009,1,1,500 ,092143009000501,092143009001000,中南林业科技大学                                            
43009003,3  ,43009,1,1,500 ,092143009001001,092143009001500,中南林业科技大学                                            
43009004,4  ,43009,1,1,500 ,092143009001501,092143009002000,中南林业科技大学                                            
43009005,5  ,43009,1,1,500 ,092143009002001,092143009002500,中南林业科技大学                                            
43009006,6  ,43009,1,1,500 ,092143009002501,092143009003000,中南林业科技大学                                            
43009007,7  ,43009,1,1,500 ,092143009003001,092143009003500,中南林业科技大学                                            
43009008,8  ,43009,1,1,500 ,092143009003501,092143009004000,中南林业科技大学                                            
43009009,9  ,43009,1,1,500 ,092143009004001,092143009004500,中南林业科技大学                                            
43009010,10 ,43009,1,1,500 ,092143009004501,092143009005000,中南林业科技大学                                            
43009011,11 ,43009,1,1,500 ,092143009005001,092143009005500,中南林业科技大学                                            
43009012,12 ,43009,1,1,500 ,092143009005501,092143009006000,中南林业科技大学                                            
43009013,13 ,43009,1,1,500 ,092143009006001,092143009006500,中南林业科技大学                                            
43009014,14 ,43009,1,1,500 ,092143009006501,092143009007000,中南林业科技大学                                            
43009015,15 ,43009,2,1,500 ,092143009007001,092143009007500,中南林业科技大学                                            
43009016,16 ,43009,2,1,500 ,092143009007501,092143009008000,中南林业科技大学                                            
43009017,17 ,43009,2,1,500 ,092143009008001,092143009008500,中南林业科技大学                                            
43009018,18 ,43009,2,1,500 ,092143009008501,092143009009000,中南林业科技大学                                            
43009019,19 ,43009,3,1,500 ,092143009009001,092143009009500,中南林业科技大学                                            
43009020,20 ,43009,3,1,60  ,092143009009501,092143009009560,中南林业科技大学                                            
43010001,1  ,43010,0,1,500 ,092143010000001,092143010000500,湘潭大学                                                    
43010002,2  ,43010,0,1,500 ,092143010000501,092143010001000,湘潭大学                                                    
43010003,3  ,43010,0,1,500 ,092143010001001,092143010001500,湘潭大学                                                    
43010004,4  ,43010,0,1,500 ,092143010001501,092143010002000,湘潭大学                                                    
43010005,5  ,43010,0,1,500 ,092143010002001,092143010002500,湘潭大学                                                    
43010006,6  ,43010,0,1,500 ,092143010002501,092143010003000,湘潭大学                                                    
43010007,7  ,43010,0,1,500 ,092143010003001,092143010003500,湘潭大学                                                    
43010008,8  ,43010,0,1,500 ,092143010003501,092143010004000,湘潭大学                                                    
43010009,9  ,43010,0,1,500 ,092143010004001,092143010004500,湘潭大学                                                    
43010010,10 ,43010,0,1,500 ,092143010004501,092143010005000,湘潭大学                                                    
43010011,11 ,43010,0,1,500 ,092143010005001,092143010005500,湘潭大学                                                    
43010012,12 ,43010,0,1,500 ,092143010005501,092143010006000,湘潭大学                                                    
43010013,13 ,43010,0,1,500 ,092143010006001,092143010006500,湘潭大学                                                    
43010014,14 ,43010,0,1,500 ,092143010006501,092143010007000,湘潭大学                                                    
43010015,15 ,43010,0,1,500 ,092143010007001,092143010007500,湘潭大学                                                    
43010016,16 ,43010,0,1,500 ,092143010007501,092143010008000,湘潭大学                                                    
43010017,17 ,43010,0,1,500 ,092143010008001,092143010008500,湘潭大学                                                    
43010018,18 ,43010,0,1,500 ,092143010008501,092143010009000,湘潭大学                                                    
43010019,19 ,43010,0,1,365 ,092143010009001,092143010009365,湘潭大学                                                    
43011001,1  ,43011,1,1,500 ,092143011000001,092143011000500,湖南科技大学                                                
43011002,2  ,43011,1,1,500 ,092143011000501,092143011001000,湖南科技大学                                                
43011003,3  ,43011,1,1,500 ,092143011001001,092143011001500,湖南科技大学                                                
43011004,4  ,43011,1,1,500 ,092143011001501,092143011002000,湖南科技大学                                                
43011005,5  ,43011,1,1,500 ,092143011002001,092143011002500,湖南科技大学                                                
43011006,6  ,43011,1,1,500 ,092143011002501,092143011003000,湖南科技大学                                                
43011007,7  ,43011,1,1,500 ,092143011003001,092143011003500,湖南科技大学                                                
43011008,8  ,43011,1,1,500 ,092143011003501,092143011004000,湖南科技大学                                                
43011009,9  ,43011,1,1,500 ,092143011004001,092143011004500,湖南科技大学                                                
43011010,10 ,43011,1,1,500 ,092143011004501,092143011005000,湖南科技大学                                                
43011011,11 ,43011,1,1,500 ,092143011005001,092143011005500,湖南科技大学                                                
43011012,12 ,43011,1,1,500 ,092143011005501,092143011006000,湖南科技大学                                                
43011013,13 ,43011,1,1,500 ,092143011006001,092143011006500,湖南科技大学                                                
43011014,14 ,43011,1,1,500 ,092143011006501,092143011007000,湖南科技大学                                                
43011015,15 ,43011,1,1,500 ,092143011007001,092143011007500,湖南科技大学                                                
43011016,16 ,43011,1,1,500 ,092143011007501,092143011008000,湖南科技大学                                                
43011017,17 ,43011,1,1,500 ,092143011008001,092143011008500,湖南科技大学                                                
43011018,18 ,43011,1,1,178 ,092143011008501,092143011008678,湖南科技大学                                                
43012001,1  ,43012,1,1,500 ,092143012000001,092143012000500,吉首大学                                                    
43012002,2  ,43012,1,1,500 ,092143012000501,092143012001000,吉首大学                                                    
43012003,3  ,43012,1,1,500 ,092143012001001,092143012001500,吉首大学                                                    
43012004,4  ,43012,1,1,500 ,092143012001501,092143012002000,吉首大学                                                    
43012005,5  ,43012,1,1,500 ,092143012002001,092143012002500,吉首大学                                                    
43012006,6  ,43012,1,1,500 ,092143012002501,092143012003000,吉首大学                                                    
43012007,7  ,43012,1,1,500 ,092143012003001,092143012003500,吉首大学                                                    
43012008,8  ,43012,1,1,500 ,092143012003501,092143012004000,吉首大学                                                    
43012009,9  ,43012,1,1,500 ,092143012004001,092143012004500,吉首大学                                                    
43012010,10 ,43012,1,1,500 ,092143012004501,092143012005000,吉首大学                                                    
43012011,11 ,43012,1,1,500 ,092143012005001,092143012005500,吉首大学                                                    
43012012,12 ,43012,2,1,500 ,092143012005501,092143012006000,吉首大学                                                    
43012013,13 ,43012,2,1,500 ,092143012006001,092143012006500,吉首大学                                                    
43012014,14 ,43012,2,1,500 ,092143012006501,092143012007000,吉首大学                                                    
43012015,15 ,43012,2,1,241 ,092143012007001,092143012007241,吉首大学                                                    
43013001,1  ,43013,1,1,500 ,092143013000001,092143013000500,南华大学                                                    
43013002,2  ,43013,1,1,500 ,092143013000501,092143013001000,南华大学                                                    
43013003,3  ,43013,1,1,500 ,092143013001001,092143013001500,南华大学                                                    
43013004,4  ,43013,1,1,500 ,092143013001501,092143013002000,南华大学                                                    
43013005,5  ,43013,1,1,500 ,092143013002001,092143013002500,南华大学                                                    
43013006,6  ,43013,1,1,500 ,092143013002501,092143013003000,南华大学                                                    
43013007,7  ,43013,1,1,500 ,092143013003001,092143013003500,南华大学                                                    
43013008,8  ,43013,1,1,500 ,092143013003501,092143013004000,南华大学                                                    
43013009,9  ,43013,1,1,500 ,092143013004001,092143013004500,南华大学                                                    
43013010,10 ,43013,1,1,500 ,092143013004501,092143013005000,南华大学                                                    
43013011,11 ,43013,1,1,500 ,092143013005001,092143013005500,南华大学                                                    
43013012,12 ,43013,1,1,500 ,092143013005501,092143013006000,南华大学                                                    
43013013,13 ,43013,1,1,500 ,092143013006001,092143013006500,南华大学                                                    
43013014,14 ,43013,1,1,500 ,092143013006501,092143013007000,南华大学                                                    
43013015,15 ,43013,1,1,500 ,092143013007001,092143013007500,南华大学                                                    
43013016,16 ,43013,1,1,500 ,092143013007501,092143013008000,南华大学                                                    
43013017,17 ,43013,1,1,159 ,092143013008001,092143013008159,南华大学                                                    
43014001,1  ,43014,0,1,500 ,092143014000001,092143014000500,湖南工业大学                                                
43014002,2  ,43014,0,1,500 ,092143014000501,092143014001000,湖南工业大学                                                
43014003,3  ,43014,0,1,500 ,092143014001001,092143014001500,湖南工业大学                                                
43014004,4  ,43014,0,1,500 ,092143014001501,092143014002000,湖南工业大学                                                
43014005,5  ,43014,0,1,500 ,092143014002001,092143014002500,湖南工业大学                                                
43014006,6  ,43014,1,1,500 ,092143014002501,092143014003000,湖南工业大学                                                
43014007,7  ,43014,1,1,500 ,092143014003001,092143014003500,湖南工业大学                                                
43014008,8  ,43014,1,1,500 ,092143014003501,092143014004000,湖南工业大学                                                
43014009,9  ,43014,1,1,500 ,092143014004001,092143014004500,湖南工业大学                                                
43014010,10 ,43014,2,1,500 ,092143014004501,092143014005000,湖南工业大学                                                
43014011,11 ,43014,2,1,500 ,092143014005001,092143014005500,湖南工业大学                                                
43014012,12 ,43014,2,1,500 ,092143014005501,092143014006000,湖南工业大学                                                
43014013,13 ,43014,2,1,500 ,092143014006001,092143014006500,湖南工业大学                                                
43014014,14 ,43014,2,1,500 ,092143014006501,092143014007000,湖南工业大学                                                
43014015,15 ,43014,2,1,500 ,092143014007001,092143014007500,湖南工业大学                                                
43014016,16 ,43014,2,1,500 ,092143014007501,092143014008000,湖南工业大学                                                
43014017,17 ,43014,3,1,500 ,092143014008001,092143014008500,湖南工业大学                                                
43014018,18 ,43014,3,1,500 ,092143014008501,092143014009000,湖南工业大学                                                
43014019,19 ,43014,4,1,500 ,092143014009001,092143014009500,湖南工业大学                                                
43014020,20 ,43014,4,1,153 ,092143014009501,092143014009653,湖南工业大学                                                
43015001,1  ,43015,1,1,500 ,092143015000001,092143015000500,湖南工程学院                                                
43015002,2  ,43015,1,1,500 ,092143015000501,092143015001000,湖南工程学院                                                
43015003,3  ,43015,1,1,500 ,092143015001001,092143015001500,湖南工程学院                                                
43015004,4  ,43015,1,1,500 ,092143015001501,092143015002000,湖南工程学院                                                
43015005,5  ,43015,1,1,500 ,092143015002001,092143015002500,湖南工程学院                                                
43015006,6  ,43015,2,1,500 ,092143015002501,092143015003000,湖南工程学院                                                
43015007,7  ,43015,2,1,500 ,092143015003001,092143015003500,湖南工程学院                                                
43015008,8  ,43015,2,1,500 ,092143015003501,092143015004000,湖南工程学院                                                
43015009,9  ,43015,2,1,500 ,092143015004001,092143015004500,湖南工程学院                                                
43015010,10 ,43015,2,1,500 ,092143015004501,092143015005000,湖南工程学院                                                
43015011,11 ,43015,3,1,500 ,092143015005001,092143015005500,湖南工程学院                                                
43015012,12 ,43015,3,1,500 ,092143015005501,092143015006000,湖南工程学院                                                
43015013,13 ,43015,3,1,500 ,092143015006001,092143015006500,湖南工程学院                                                
43015014,14 ,43015,3,1,453 ,092143015006501,092143015006953,湖南工程学院                                                
43016001,1  ,43016,0,1,500 ,092143016000001,092143016000500,湖南理工学院                                                
43016002,2  ,43016,0,1,500 ,092143016000501,092143016001000,湖南理工学院                                                
43016003,3  ,43016,0,1,500 ,092143016001001,092143016001500,湖南理工学院                                                
43016004,4  ,43016,0,1,500 ,092143016001501,092143016002000,湖南理工学院                                                
43016005,5  ,43016,0,1,500 ,092143016002001,092143016002500,湖南理工学院                                                
43016006,6  ,43016,0,1,466 ,092143016002501,092143016002966,湖南理工学院                                                
43017001,1  ,43017,1,1,500 ,092143017000001,092143017000500,衡阳师范学院                                                
43017002,2  ,43017,1,1,500 ,092143017000501,092143017001000,衡阳师范学院                                                
43017003,3  ,43017,1,1,500 ,092143017001001,092143017001500,衡阳师范学院                                                
43017004,4  ,43017,1,1,16  ,092143017001501,092143017001516,衡阳师范学院                                                
43018001,1  ,43018,1,1,500 ,092143018000001,092143018000500,湘南学院                                                    
43018002,2  ,43018,1,1,500 ,092143018000501,092143018001000,湘南学院                                                    
43018003,3  ,43018,1,1,500 ,092143018001001,092143018001500,湘南学院                                                    
43018004,4  ,43018,1,1,500 ,092143018001501,092143018002000,湘南学院                                                    
43018005,5  ,43018,1,1,500 ,092143018002001,092143018002500,湘南学院                                                    
43018006,6  ,43018,1,1,500 ,092143018002501,092143018003000,湘南学院                                                    
43018007,7  ,43018,1,1,500 ,092143018003001,092143018003500,湘南学院                                                    
43018008,8  ,43018,1,1,500 ,092143018003501,092143018004000,湘南学院                                                    
43018009,9  ,43018,1,1,463 ,092143018004001,092143018004463,湘南学院                                                    
43019001,1  ,43019,1,1,500 ,092143019000001,092143019000500,湖南文理学院                                                
43019002,2  ,43019,1,1,500 ,092143019000501,092143019001000,湖南文理学院                                                
43019003,3  ,43019,1,1,500 ,092143019001001,092143019001500,湖南文理学院                                                
43019004,4  ,43019,1,1,500 ,092143019001501,092143019002000,湖南文理学院                                                
43019005,5  ,43019,1,1,500 ,092143019002001,092143019002500,湖南文理学院                                                
43019006,6  ,43019,1,1,430 ,092143019002501,092143019002930,湖南文理学院                                                
43020001,1  ,43020,1,1,500 ,092143020000001,092143020000500,湖南城市学院                                                
43020002,2  ,43020,1,1,500 ,092143020000501,092143020001000,湖南城市学院                                                
43020003,3  ,43020,2,1,500 ,092143020001001,092143020001500,湖南城市学院                                                
43020004,4  ,43020,2,1,500 ,092143020001501,092143020002000,湖南城市学院                                                
43020005,5  ,43020,2,1,500 ,092143020002001,092143020002500,湖南城市学院                                                
43020006,6  ,43020,2,1,267 ,092143020002501,092143020002767,湖南城市学院                                                
43021001,1  ,43021,1,1,500 ,092143021000001,092143021000500,邵阳学院                                                    
43021002,2  ,43021,1,1,500 ,092143021000501,092143021001000,邵阳学院                                                    
43021003,3  ,43021,1,1,500 ,092143021001001,092143021001500,邵阳学院                                                    
43021004,4  ,43021,2,1,500 ,092143021001501,092143021002000,邵阳学院                                                    
43021005,5  ,43021,2,1,149 ,092143021002001,092143021002149,邵阳学院                                                    
43022001,1  ,43022,1,1,500 ,092143022000001,092143022000500,怀化学院                                                    
43022002,2  ,43022,1,1,500 ,092143022000501,092143022001000,怀化学院                                                    
43022003,3  ,43022,1,1,500 ,092143022001001,092143022001500,怀化学院                                                    
43022004,4  ,43022,1,1,500 ,092143022001501,092143022002000,怀化学院                                                    
43022005,5  ,43022,1,1,500 ,092143022002001,092143022002500,怀化学院                                                    
43022006,6  ,43022,1,1,500 ,092143022002501,092143022003000,怀化学院                                                    
43022007,7  ,43022,1,1,500 ,092143022003001,092143022003500,怀化学院                                                    
43022008,8  ,43022,1,1,500 ,092143022003501,092143022004000,怀化学院                                                    
43022009,9  ,43022,1,1,439 ,092143022004001,092143022004439,怀化学院                                                    
43023001,1  ,43023,1,1,500 ,092143023000001,092143023000500,湖南人文科技学院                                            
43023002,2  ,43023,1,1,500 ,092143023000501,092143023001000,湖南人文科技学院                                            
43023003,3  ,43023,1,1,500 ,092143023001001,092143023001500,湖南人文科技学院                                            
43023004,4  ,43023,1,1,341 ,092143023001501,092143023001841,湖南人文科技学院                                            
43024001,1  ,43024,1,1,500 ,092143024000001,092143024000500,湖南科技学院                                                
43024002,2  ,43024,1,1,500 ,092143024000501,092143024001000,湖南科技学院                                                
43024003,3  ,43024,1,1,500 ,092143024001001,092143024001500,湖南科技学院                                                
43024004,4  ,43024,1,1,500 ,092143024001501,092143024002000,湖南科技学院                                                
43024005,5  ,43024,1,1,500 ,092143024002001,092143024002500,湖南科技学院                                                
43024006,6  ,43024,1,1,38  ,092143024002501,092143024002538,湖南科技学院                                                
43025001,1  ,43025,1,1,500 ,092143025000001,092143025000500,长沙学院                                                    
43025002,2  ,43025,1,1,500 ,092143025000501,092143025001000,长沙学院                                                    
43025003,3  ,43025,1,1,500 ,092143025001001,092143025001500,长沙学院                                                    
43025004,4  ,43025,1,1,500 ,092143025001501,092143025002000,长沙学院                                                    
43025005,5  ,43025,1,1,500 ,092143025002001,092143025002500,长沙学院                                                    
43025006,6  ,43025,1,1,500 ,092143025002501,092143025003000,长沙学院                                                    
43025007,7  ,43025,1,1,500 ,092143025003001,092143025003500,长沙学院                                                    
43025008,8  ,43025,1,1,276 ,092143025003501,092143025003776,长沙学院                                                    
43027001,1  ,43027,0,1,500 ,092143027000001,092143027000500,湖南财经高等专科学校                                        
43027002,2  ,43027,0,1,500 ,092143027000501,092143027001000,湖南财经高等专科学校                                        
43027003,3  ,43027,0,1,500 ,092143027001001,092143027001500,湖南财经高等专科学校                                        
43027004,4  ,43027,0,1,500 ,092143027001501,092143027002000,湖南财经高等专科学校                                        
43027005,5  ,43027,0,1,500 ,092143027002001,092143027002500,湖南财经高等专科学校                                        
43027006,6  ,43027,0,1,500 ,092143027002501,092143027003000,湖南财经高等专科学校                                        
43027007,7  ,43027,0,1,500 ,092143027003001,092143027003500,湖南财经高等专科学校                                        
43027008,8  ,43027,0,1,107 ,092143027003501,092143027003607,湖南财经高等专科学校                                        
43028001,1  ,43028,1,1,500 ,092143028000001,092143028000500,湖南公安高等专科学校                                        
43028002,2  ,43028,1,1,500 ,092143028000501,092143028001000,湖南公安高等专科学校                                        
43028003,3  ,43028,1,1,223 ,092143028001001,092143028001223,湖南公安高等专科学校                                        
43029001,1  ,43029,1,1,480 ,092143029000001,092143029000480,株洲师范高等专科学校                                        
43030001,1  ,43030,1,1,500 ,092143030000001,092143030000500,湖南第一师范学院                                            
43030002,2  ,43030,1,1,500 ,092143030000501,092143030001000,湖南第一师范学院                                            
43030003,3  ,43030,1,1,500 ,092143030001001,092143030001500,湖南第一师范学院                                            
43030004,4  ,43030,1,1,500 ,092143030001501,092143030002000,湖南第一师范学院                                            
43030005,5  ,43030,1,1,500 ,092143030002001,092143030002500,湖南第一师范学院                                            
43030006,6  ,43030,2,1,360 ,092143030002501,092143030002860,湖南第一师范学院                                            
43031001,1  ,43031,0,1,500 ,092143031000001,092143031000500,湖南工学院                                                  
43031002,2  ,43031,0,1,500 ,092143031000501,092143031001000,湖南工学院                                                  
43031003,3  ,43031,0,1,500 ,092143031001001,092143031001500,湖南工学院                                                  
43031004,4  ,43031,0,1,500 ,092143031001501,092143031002000,湖南工学院                                                  
43031005,5  ,43031,0,1,500 ,092143031002001,092143031002500,湖南工学院                                                  
43031006,6  ,43031,0,1,500 ,092143031002501,092143031003000,湖南工学院                                                  
43031007,7  ,43031,0,1,500 ,092143031003001,092143031003500,湖南工学院                                                  
43031008,8  ,43031,1,1,500 ,092143031003501,092143031004000,湖南工学院                                                  
43031009,9  ,43031,1,1,500 ,092143031004001,092143031004500,湖南工学院                                                  
43031010,10 ,43031,1,1,500 ,092143031004501,092143031005000,湖南工学院                                                  
43031011,11 ,43031,1,1,93  ,092143031005001,092143031005093,湖南工学院                                                  
43033001,1  ,43033,1,1,500 ,092143033000001,092143033000500,长沙医学院                                                  
43033002,2  ,43033,1,1,500 ,092143033000501,092143033001000,长沙医学院                                                  
43033003,3  ,43033,1,1,500 ,092143033001001,092143033001500,长沙医学院                                                  
43033004,4  ,43033,1,1,500 ,092143033001501,092143033002000,长沙医学院                                                  
43033005,5  ,43033,1,1,500 ,092143033002001,092143033002500,长沙医学院                                                  
43033006,6  ,43033,1,1,50  ,092143033002501,092143033002550,长沙医学院                                                  
43034001,1  ,43034,1,1,500 ,092143034000001,092143034000500,湖南涉外经济学院                                            
43034002,2  ,43034,1,1,500 ,092143034000501,092143034001000,湖南涉外经济学院                                            
43034003,3  ,43034,1,1,500 ,092143034001001,092143034001500,湖南涉外经济学院                                            
43034004,4  ,43034,1,1,500 ,092143034001501,092143034002000,湖南涉外经济学院                                            
43034005,5  ,43034,1,1,500 ,092143034002001,092143034002500,湖南涉外经济学院                                            
43034006,6  ,43034,1,1,500 ,092143034002501,092143034003000,湖南涉外经济学院                                            
43034007,7  ,43034,1,1,500 ,092143034003001,092143034003500,湖南涉外经济学院                                            
43034008,8  ,43034,1,1,500 ,092143034003501,092143034004000,湖南涉外经济学院                                            
43034009,9  ,43034,1,1,500 ,092143034004001,092143034004500,湖南涉外经济学院                                            
43034010,10 ,43034,1,1,500 ,092143034004501,092143034005000,湖南涉外经济学院                                            
43034011,11 ,43034,2,1,196 ,092143034005001,092143034005196,湖南涉外经济学院                                            
43035001,1  ,43035,0,1,500 ,092143035000001,092143035000500,湖南环境生物职业技术学院                                    
43035002,2  ,43035,0,1,500 ,092143035000501,092143035001000,湖南环境生物职业技术学院                                    
43035003,3  ,43035,0,1,500 ,092143035001001,092143035001500,湖南环境生物职业技术学院                                    
43035004,4  ,43035,0,1,129 ,092143035001501,092143035001629,湖南环境生物职业技术学院                                    
43036001,1  ,43036,0,1,500 ,092143036000001,092143036000500,湖南冶金职业技术学院                                        
43036002,2  ,43036,0,1,193 ,092143036000501,092143036000693,湖南冶金职业技术学院                                        
43037001,1  ,43037,1,1,500 ,092143037000001,092143037000500,湖南女子职业大学                                            
43037002,2  ,43037,1,1,500 ,092143037000501,092143037001000,湖南女子职业大学                                            
43037003,3  ,43037,1,1,180 ,092143037001001,092143037001180,湖南女子职业大学                                            
43038001,1  ,43038,1,1,500 ,092143038000001,092143038000500,长沙民政职业技术学院                                        
43038002,2  ,43038,1,1,500 ,092143038000501,092143038001000,长沙民政职业技术学院                                        
43038003,3  ,43038,1,1,500 ,092143038001001,092143038001500,长沙民政职业技术学院                                        
43038004,4  ,43038,1,1,500 ,092143038001501,092143038002000,长沙民政职业技术学院                                        
43038005,5  ,43038,1,1,500 ,092143038002001,092143038002500,长沙民政职业技术学院                                        
43038006,6  ,43038,1,1,500 ,092143038002501,092143038003000,长沙民政职业技术学院                                        
43038007,7  ,43038,1,1,500 ,092143038003001,092143038003500,长沙民政职业技术学院                                        
43038008,8  ,43038,1,1,500 ,092143038003501,092143038004000,长沙民政职业技术学院                                        
43038009,9  ,43038,1,1,500 ,092143038004001,092143038004500,长沙民政职业技术学院                                        
43038010,10 ,43038,1,1,116 ,092143038004501,092143038004616,长沙民政职业技术学院                                        
43039001,1  ,43039,1,1,500 ,092143039000001,092143039000500, 长沙航空职业技术学院                                       
43039002,2  ,43039,1,1,500 ,092143039000501,092143039001000, 长沙航空职业技术学院                                       
43039003,3  ,43039,1,1,500 ,092143039001001,092143039001500, 长沙航空职业技术学院                                       
43039004,4  ,43039,2,1,500 ,092143039001501,092143039002000, 长沙航空职业技术学院                                       
43039005,5  ,43039,2,1,284 ,092143039002001,092143039002284, 长沙航空职业技术学院                                       
43040001,1  ,43040,0,1,500 ,092143040000001,092143040000500,保险职业学院                                                
43040002,2  ,43040,0,1,150 ,092143040000501,092143040000650,保险职业学院                                                
43041001,1  ,43041,0,1,500 ,092143041000001,092143041000500,湖南工业职业技术学院                                        
43041002,2  ,43041,0,1,500 ,092143041000501,092143041001000,湖南工业职业技术学院                                        
43041003,3  ,43041,0,1,500 ,092143041001001,092143041001500,湖南工业职业技术学院                                        
43041004,4  ,43041,0,1,500 ,092143041001501,092143041002000,湖南工业职业技术学院                                        
43041005,5  ,43041,0,1,229 ,092143041002001,092143041002229,湖南工业职业技术学院                                        
43042001,1  ,43042,0,1,500 ,092143042000001,092143042000500,怀化医学高等专科学校                                        
43042002,2  ,43042,0,1,500 ,092143042000501,092143042001000,怀化医学高等专科学校                                        
43042003,3  ,43042,0,1,500 ,092143042001001,092143042001500,怀化医学高等专科学校                                        
43042004,4  ,43042,0,1,500 ,092143042001501,092143042002000,怀化医学高等专科学校                                        
43042005,5  ,43042,0,1,243 ,092143042002001,092143042002243,怀化医学高等专科学校                                        
43043001,1  ,43043,1,1,500 ,092143043000001,092143043000500,湖南信息职业技术学院                                        
43043002,2  ,43043,1,1,500 ,092143043000501,092143043001000,湖南信息职业技术学院                                        
43043003,3  ,43043,1,1,327 ,092143043001001,092143043001327,湖南信息职业技术学院                                        
43044001,1  ,43044,1,1,500 ,092143044000001,092143044000500,湖南大众传媒职业技术学院                                    
43044002,2  ,43044,1,1,500 ,092143044000501,092143044001000,湖南大众传媒职业技术学院                                    
43044003,3  ,43044,1,1,402 ,092143044001001,092143044001402,湖南大众传媒职业技术学院                                    
43045001,1  ,43045,1,1,500 ,092143045000001,092143045000500,湖南铁道职业技术学院                                        
43045002,2  ,43045,1,1,500 ,092143045000501,092143045001000,湖南铁道职业技术学院                                        
43045003,3  ,43045,1,1,284 ,092143045001001,092143045001284,湖南铁道职业技术学院                                        
43046001,1  ,43046,1,1,500 ,092143046000001,092143046000500,湖南科技职业学院                                            
43046002,2  ,43046,1,1,500 ,092143046000501,092143046001000,湖南科技职业学院                                            
43046003,3  ,43046,2,1,500 ,092143046001001,092143046001500,湖南科技职业学院                                            
43046004,4  ,43046,2,1,500 ,092143046001501,092143046002000,湖南科技职业学院                                            
43046005,5  ,43046,2,1,248 ,092143046002001,092143046002248,湖南科技职业学院                                            
43047001,1  ,43047,0,1,500 ,092143047000001,092143047000500,湖南交通职业技术学院                                        
43047002,2  ,43047,0,1,500 ,092143047000501,092143047001000,湖南交通职业技术学院                                        
43047003,3  ,43047,0,1,500 ,092143047001001,092143047001500,湖南交通职业技术学院                                        
43047004,4  ,43047,0,1,146 ,092143047001501,092143047001646,湖南交通职业技术学院                                        
43048001,1  ,43048,1,1,500 ,092143048000001,092143048000500,湖南商务职业技术学院                                        
43048002,2  ,43048,1,1,500 ,092143048000501,092143048001000,湖南商务职业技术学院                                        
43048003,3  ,43048,1,1,410 ,092143048001001,092143048001410,湖南商务职业技术学院                                        
43049001,1  ,43049,1,1,500 ,092143049000001,092143049000500,湖南对外经济贸易职业学院                                    
43049002,2  ,43049,1,1,500 ,092143049000501,092143049001000,湖南对外经济贸易职业学院                                    
43049003,3  ,43049,2,1,500 ,092143049001001,092143049001500,湖南对外经济贸易职业学院                                    
43049004,4  ,43049,2,1,77  ,092143049001501,092143049001577,湖南对外经济贸易职业学院                                    
43050001,1  ,43050,1,1,500 ,092143050000001,092143050000500,长沙环境保护职业技术学院                                    
43050002,2  ,43050,1,1,500 ,092143050000501,092143050001000,长沙环境保护职业技术学院                                    
43050003,3  ,43050,1,1,353 ,092143050001001,092143050001353,长沙环境保护职业技术学院                                    
43051001,1  ,43051,1,1,500 ,092143051000001,092143051000500,湘潭职业技术学院                                            
43051002,2  ,43051,1,1,500 ,092143051000501,092143051001000,湘潭职业技术学院                                            
43051003,3  ,43051,1,1,500 ,092143051001001,092143051001500,湘潭职业技术学院                                            
43051004,4  ,43051,1,1,273 ,092143051001501,092143051001773,湘潭职业技术学院                                            
43052001,1  ,43052,1,1,500 ,092143052000001,092143052000500,张家界航空工业职业技术学院                                  
43052002,2  ,43052,1,1,385 ,092143052000501,092143052000885,张家界航空工业职业技术学院                                  
43053001,1  ,43053,1,1,500 ,092143053000001,092143053000500,湖南网络工程职业学院                                        
43053002,2  ,43053,1,1,500 ,092143053000501,092143053001000,湖南网络工程职业学院                                        
43053003,3  ,43053,1,1,194 ,092143053001001,092143053001194,湖南网络工程职业学院                                        
43055001,1  ,43055,1,1,500 ,092143055000001,092143055000500,湖南生物机电职业技术学院                                    
43055002,2  ,43055,1,1,500 ,092143055000501,092143055001000,湖南生物机电职业技术学院                                    
43055003,3  ,43055,1,1,500 ,092143055001001,092143055001500,湖南生物机电职业技术学院                                    
43055004,4  ,43055,1,1,312 ,092143055001501,092143055001812,湖南生物机电职业技术学院                                    
43056001,1  ,43056,1,1,500 ,092143056000001,092143056000500,湖南化工职业技术学院                                        
43056002,2  ,43056,1,1,260 ,092143056000501,092143056000760,湖南化工职业技术学院                                        
43057001,1  ,43057,0,1,500 ,092143057000001,092143057000500,湖南信息科学职业学院                                        
43057002,2  ,43057,0,1,363 ,092143057000501,092143057000863,湖南信息科学职业学院                                        
43058001,1  ,43058,0,1,227 ,092143058000001,092143058000227,长沙教育学院                                                
43059001,1  ,43059,1,1,500 ,092143059000001,092143059000500,长沙师范学校                                                
43059002,2  ,43059,1,1,107 ,092143059000501,092143059000607,长沙师范学校                                                
43060001,1  ,43060,1,1,500 ,092143060000001,092143060000500,湖南城建职业技术学院                                        
43060002,2  ,43060,1,1,500 ,092143060000501,092143060001000,湖南城建职业技术学院                                        
43060003,3  ,43060,1,1,210 ,092143060001001,092143060001210,湖南城建职业技术学院                                        
43061001,1  ,43061,0,1,500 ,092143061000001,092143061000500,湖南中医药高等专科学校                                      
43061002,2  ,43061,0,1,500 ,092143061000501,092143061001000,湖南中医药高等专科学校                                      
43061003,3  ,43061,0,1,170 ,092143061001001,092143061001170,湖南中医药高等专科学校                                      
43062001,1  ,43062,1,1,500 ,092143062000001,092143062000500,常德职业技术学院                                            
43062002,2  ,43062,1,1,500 ,092143062000501,092143062001000,常德职业技术学院                                            
43062003,3  ,43062,1,1,500 ,092143062001001,092143062001500,常德职业技术学院                                            
43062004,4  ,43062,1,1,125 ,092143062001501,092143062001625,常德职业技术学院                                            
43063001,1  ,43063,1,1,500 ,092143063000001,092143063000500,湖南现代物流职业技术学院                                    
43063002,2  ,43063,1,1,500 ,092143063000501,092143063001000,湖南现代物流职业技术学院                                    
43063003,3  ,43063,1,1,72  ,092143063001001,092143063001072,湖南现代物流职业技术学院                                    
43064001,1  ,43064,1,1,500 ,092143064000001,092143064000500,湖南理工职业技术学院                                        
43064002,2  ,43064,1,1,266 ,092143064000501,092143064000766,湖南理工职业技术学院                                        
43065001,1  ,43065,0,1,500 ,092143065000001,092143065000500,邵阳医学高等专科学校                                        
43065002,2  ,43065,0,1,500 ,092143065000501,092143065001000,邵阳医学高等专科学校                                        
43065003,3  ,43065,0,1,202 ,092143065001001,092143065001202,邵阳医学高等专科学校                                        
43066001,1  ,43066,1,1,500 ,092143066000001,092143066000500,湖南铁路科技职业技术学院                                    
43066002,2  ,43066,1,1,68  ,092143066000501,092143066000568,湖南铁路科技职业技术学院                                    
43067001,1  ,43067,1,1,500 ,092143067000001,092143067000500,株洲职业技术学院                                            
43067002,2  ,43067,1,1,237 ,092143067000501,092143067000737,株洲职业技术学院                                            
43068001,1  ,43068,1,1,500 ,092143068000001,092143068000500,岳阳职业技术学院                                            
43068002,2  ,43068,1,1,500 ,092143068000501,092143068001000,岳阳职业技术学院                                            
43068003,3  ,43068,1,1,500 ,092143068001001,092143068001500,岳阳职业技术学院                                            
43068004,4  ,43068,1,1,345 ,092143068001501,092143068001845,岳阳职业技术学院                                            
43069001,1  ,43069,1,1,500 ,092143069000001,092143069000500,湖南安全技术职业学院                                        
43069002,2  ,43069,1,1,198 ,092143069000501,092143069000698,湖南安全技术职业学院                                        
43070001,1  ,43070,1,1,500 ,092143070000001,092143070000500,长沙商贸旅游职业技术学院                                    
43070002,2  ,43070,1,1,500 ,092143070000501,092143070001000,长沙商贸旅游职业技术学院                                    
43070003,3  ,43070,1,1,79  ,092143070001001,092143070001079,长沙商贸旅游职业技术学院                                    
43071001,1  ,43071,1,1,500 ,092143071000001,092143071000500,湖南外国语职业学院                                          
43071002,2  ,43071,1,1,500 ,092143071000501,092143071001000,湖南外国语职业学院                                          
43071003,3  ,43071,1,1,500 ,092143071001001,092143071001500,湖南外国语职业学院                                          
43071004,4  ,43071,1,1,500 ,092143071001501,092143071002000,湖南外国语职业学院                                          
43071005,5  ,43071,1,1,251 ,092143071002001,092143071002251,湖南外国语职业学院                                          
43072001,1  ,43072,1,1,500 ,092143072000001,092143072000500,长沙南方职业学院                                            
43072002,2  ,43072,1,1,479 ,092143072000501,092143072000979,长沙南方职业学院                                            
43073001,1  ,43073,0,1,500 ,092143073000001,092143073000500,娄底职业技术学院                                            
43073002,2  ,43073,0,1,500 ,092143073000501,092143073001000,娄底职业技术学院                                            
43073003,3  ,43073,0,1,298 ,092143073001001,092143073001298,娄底职业技术学院                                            
43074001,1  ,43074,0,1,500 ,092143074000001,092143074000500,湖南科技经贸职业学院                                        
43074002,2  ,43074,0,1,313 ,092143074000501,092143074000813,湖南科技经贸职业学院                                        
43076001,1  ,43076,0,1,500 ,092143076000001,092143076000500,衡阳财经工业职业技术学院                                    
43076002,2  ,43076,0,1,432 ,092143076000501,092143076000932,衡阳财经工业职业技术学院                                    
43077001,1  ,43077,1,1,500 ,092143077000001,092143077000500,长沙市联合一考点                                            
43077002,2  ,43077,3,1,500 ,092143077000501,092143077001000,长沙市联合一考点                                            
43077003,3  ,43077,3,1,422 ,092143077001001,092143077001422,长沙市联合一考点                                            
43078001,1  ,43078,1,1,500 ,092143078000001,092143078000500,长沙市联合二考点                                            
43078002,2  ,43078,2,1,500 ,092143078000501,092143078001000,长沙市联合二考点                                            
43078003,3  ,43078,3,1,500 ,092143078001001,092143078001500,长沙市联合二考点                                            
43078004,4  ,43078,3,1,500 ,092143078001501,092143078002000,长沙市联合二考点                                            
43078005,5  ,43078,3,1,455 ,092143078002001,092143078002455,长沙市联合二考点                                            
43079001,1  ,43079,1,1,500 ,092143079000001,092143079000500,长沙市联合三考点                                            
43079002,2  ,43079,2,1,500 ,092143079000501,092143079001000,长沙市联合三考点                                            
43079003,3  ,43079,3,1,500 ,092143079001001,092143079001500,长沙市联合三考点                                            
43079004,4  ,43079,3,1,236 ,092143079001501,092143079001736,长沙市联合三考点                                            
