45101001,1  ,45101,0,1,500 ,092145101000001,092145101000500,广西大学                                                    
45101002,2  ,45101,0,1,500 ,092145101000501,092145101001000,广西大学                                                    
45101003,3  ,45101,0,1,500 ,092145101001001,092145101001500,广西大学                                                    
45101004,4  ,45101,0,1,500 ,092145101001501,092145101002000,广西大学                                                    
45101005,5  ,45101,0,1,500 ,092145101002001,092145101002500,广西大学                                                    
45101006,6  ,45101,0,1,500 ,092145101002501,092145101003000,广西大学                                                    
45101007,7  ,45101,0,1,500 ,092145101003001,092145101003500,广西大学                                                    
45101008,8  ,45101,0,1,500 ,092145101003501,092145101004000,广西大学                                                    
45101009,9  ,45101,0,1,500 ,092145101004001,092145101004500,广西大学                                                    
45101010,10 ,45101,0,1,500 ,092145101004501,092145101005000,广西大学                                                    
45101011,11 ,45101,0,1,500 ,092145101005001,092145101005500,广西大学                                                    
45101012,12 ,45101,0,1,500 ,092145101005501,092145101006000,广西大学                                                    
45101013,13 ,45101,0,1,500 ,092145101006001,092145101006500,广西大学                                                    
45101014,14 ,45101,1,1,500 ,092145101006501,092145101007000,广西大学                                                    
45101015,15 ,45101,1,1,500 ,092145101007001,092145101007500,广西大学                                                    
45101016,16 ,45101,1,1,500 ,092145101007501,092145101008000,广西大学                                                    
45101017,17 ,45101,1,1,500 ,092145101008001,092145101008500,广西大学                                                    
45101018,18 ,45101,1,1,500 ,092145101008501,092145101009000,广西大学                                                    
45101019,19 ,45101,1,1,500 ,092145101009001,092145101009500,广西大学                                                    
45101020,20 ,45101,1,1,500 ,092145101009501,092145101010000,广西大学                                                    
45101021,21 ,45101,1,1,445 ,092145101010001,092145101010445,广西大学                                                    
45102001,1  ,45102,0,1,500 ,092145102000001,092145102000500,广西医科大学                                                
45102002,2  ,45102,0,1,500 ,092145102000501,092145102001000,广西医科大学                                                
45102003,3  ,45102,0,1,500 ,092145102001001,092145102001500,广西医科大学                                                
45102004,4  ,45102,0,1,500 ,092145102001501,092145102002000,广西医科大学                                                
45102005,5  ,45102,0,1,371 ,092145102002001,092145102002371,广西医科大学                                                
45103001,1  ,45103,0,1,500 ,092145103000001,092145103000500,广西民族大学                                                
45103002,2  ,45103,0,1,500 ,092145103000501,092145103001000,广西民族大学                                                
45103003,3  ,45103,0,1,500 ,092145103001001,092145103001500,广西民族大学                                                
45103004,4  ,45103,0,1,500 ,092145103001501,092145103002000,广西民族大学                                                
45103005,5  ,45103,0,1,500 ,092145103002001,092145103002500,广西民族大学                                                
45103006,6  ,45103,0,1,500 ,092145103002501,092145103003000,广西民族大学                                                
45103007,7  ,45103,0,1,500 ,092145103003001,092145103003500,广西民族大学                                                
45103008,8  ,45103,1,1,500 ,092145103003501,092145103004000,广西民族大学                                                
45103009,9  ,45103,1,1,500 ,092145103004001,092145103004500,广西民族大学                                                
45103010,10 ,45103,1,1,500 ,092145103004501,092145103005000,广西民族大学                                                
45103011,11 ,45103,1,1,500 ,092145103005001,092145103005500,广西民族大学                                                
45103012,12 ,45103,1,1,188 ,092145103005501,092145103005688,广西民族大学                                                
45104001,1  ,45104,0,1,500 ,092145104000001,092145104000500,广西艺术学院                                                
45104002,2  ,45104,0,1,81  ,092145104000501,092145104000581,广西艺术学院                                                
45105001,1  ,45105,1,1,500 ,092145105000001,092145105000500,广西师范学院                                                
45105002,2  ,45105,1,1,500 ,092145105000501,092145105001000,广西师范学院                                                
45105003,3  ,45105,1,1,500 ,092145105001001,092145105001500,广西师范学院                                                
45105004,4  ,45105,2,1,500 ,092145105001501,092145105002000,广西师范学院                                                
45105005,5  ,45105,2,1,500 ,092145105002001,092145105002500,广西师范学院                                                
45105006,6  ,45105,2,1,500 ,092145105002501,092145105003000,广西师范学院                                                
45105007,7  ,45105,2,1,500 ,092145105003001,092145105003500,广西师范学院                                                
45105008,8  ,45105,2,1,150 ,092145105003501,092145105003650,广西师范学院                                                
45106001,1  ,45106,0,1,500 ,092145106000001,092145106000500,广西中医学院                                                
45106002,2  ,45106,0,1,500 ,092145106000501,092145106001000,广西中医学院                                                
45106003,3  ,45106,0,1,500 ,092145106001001,092145106001500,广西中医学院                                                
45106004,4  ,45106,0,1,500 ,092145106001501,092145106002000,广西中医学院                                                
45106005,5  ,45106,1,1,500 ,092145106002001,092145106002500,广西中医学院                                                
45106006,6  ,45106,1,1,500 ,092145106002501,092145106003000,广西中医学院                                                
45106007,7  ,45106,1,1,357 ,092145106003001,092145106003357,广西中医学院                                                
45107001,1  ,45107,0,1,500 ,092145107000001,092145107000500,广西财经学院                                                
45107002,2  ,45107,0,1,500 ,092145107000501,092145107001000,广西财经学院                                                
45107003,3  ,45107,0,1,500 ,092145107001001,092145107001500,广西财经学院                                                
45107004,4  ,45107,0,1,500 ,092145107001501,092145107002000,广西财经学院                                                
45107005,5  ,45107,0,1,500 ,092145107002001,092145107002500,广西财经学院                                                
45107006,6  ,45107,0,1,500 ,092145107002501,092145107003000,广西财经学院                                                
45107007,7  ,45107,0,1,500 ,092145107003001,092145107003500,广西财经学院                                                
45107008,8  ,45107,0,1,500 ,092145107003501,092145107004000,广西财经学院                                                
45107009,9  ,45107,0,1,500 ,092145107004001,092145107004500,广西财经学院                                                
45107010,10 ,45107,0,1,500 ,092145107004501,092145107005000,广西财经学院                                                
45107011,11 ,45107,0,1,500 ,092145107005001,092145107005500,广西财经学院                                                
45107012,12 ,45107,0,1,500 ,092145107005501,092145107006000,广西财经学院                                                
45107013,13 ,45107,0,1,117 ,092145107006001,092145107006117,广西财经学院                                                
45108001,1  ,45108,0,1,500 ,092145108000001,092145108000500,广西师范大学                                                
45108002,2  ,45108,0,1,500 ,092145108000501,092145108001000,广西师范大学                                                
45108003,3  ,45108,0,1,500 ,092145108001001,092145108001500,广西师范大学                                                
45108004,4  ,45108,0,1,500 ,092145108001501,092145108002000,广西师范大学                                                
45108005,5  ,45108,0,1,500 ,092145108002001,092145108002500,广西师范大学                                                
45108006,6  ,45108,0,1,500 ,092145108002501,092145108003000,广西师范大学                                                
45108007,7  ,45108,0,1,500 ,092145108003001,092145108003500,广西师范大学                                                
45108008,8  ,45108,1,1,500 ,092145108003501,092145108004000,广西师范大学                                                
45108009,9  ,45108,1,1,500 ,092145108004001,092145108004500,广西师范大学                                                
45108010,10 ,45108,1,1,500 ,092145108004501,092145108005000,广西师范大学                                                
45108011,11 ,45108,2,1,482 ,092145108005001,092145108005482,广西师范大学                                                
45109001,1  ,45109,0,1,500 ,092145109000001,092145109000500,桂林电子科技大学                                            
45109002,2  ,45109,0,1,500 ,092145109000501,092145109001000,桂林电子科技大学                                            
45109003,3  ,45109,0,1,500 ,092145109001001,092145109001500,桂林电子科技大学                                            
45109004,4  ,45109,0,1,500 ,092145109001501,092145109002000,桂林电子科技大学                                            
45109005,5  ,45109,1,1,500 ,092145109002001,092145109002500,桂林电子科技大学                                            
45109006,6  ,45109,1,1,500 ,092145109002501,092145109003000,桂林电子科技大学                                            
45109007,7  ,45109,1,1,500 ,092145109003001,092145109003500,桂林电子科技大学                                            
45109008,8  ,45109,1,1,500 ,092145109003501,092145109004000,桂林电子科技大学                                            
45109009,9  ,45109,1,1,500 ,092145109004001,092145109004500,桂林电子科技大学                                            
45109010,10 ,45109,1,1,500 ,092145109004501,092145109005000,桂林电子科技大学                                            
45109011,11 ,45109,1,1,500 ,092145109005001,092145109005500,桂林电子科技大学                                            
45109012,12 ,45109,1,1,500 ,092145109005501,092145109006000,桂林电子科技大学                                            
45109013,13 ,45109,1,1,500 ,092145109006001,092145109006500,桂林电子科技大学                                            
45109014,14 ,45109,1,1,500 ,092145109006501,092145109007000,桂林电子科技大学                                            
45109015,15 ,45109,1,1,500 ,092145109007001,092145109007500,桂林电子科技大学                                            
45109016,16 ,45109,1,1,499 ,092145109007501,092145109007999,桂林电子科技大学                                            
45110001,1  ,45110,0,1,500 ,092145110000001,092145110000500,桂林医学院                                                  
45110002,2  ,45110,0,1,500 ,092145110000501,092145110001000,桂林医学院                                                  
45110003,3  ,45110,0,1,500 ,092145110001001,092145110001500,桂林医学院                                                  
45110004,4  ,45110,0,1,500 ,092145110001501,092145110002000,桂林医学院                                                  
45110005,5  ,45110,0,1,500 ,092145110002001,092145110002500,桂林医学院                                                  
45110006,6  ,45110,0,1,276 ,092145110002501,092145110002776,桂林医学院                                                  
45111001,1  ,45111,0,1,500 ,092145111000001,092145111000500,桂林理工大学                                                
45111002,2  ,45111,0,1,500 ,092145111000501,092145111001000,桂林理工大学                                                
45111003,3  ,45111,0,1,500 ,092145111001001,092145111001500,桂林理工大学                                                
45111004,4  ,45111,0,1,500 ,092145111001501,092145111002000,桂林理工大学                                                
45111005,5  ,45111,0,1,500 ,092145111002001,092145111002500,桂林理工大学                                                
45111006,6  ,45111,0,1,500 ,092145111002501,092145111003000,桂林理工大学                                                
45111007,7  ,45111,0,1,500 ,092145111003001,092145111003500,桂林理工大学                                                
45111008,8  ,45111,1,1,500 ,092145111003501,092145111004000,桂林理工大学                                                
45111009,9  ,45111,1,1,500 ,092145111004001,092145111004500,桂林理工大学                                                
45111010,10 ,45111,1,1,500 ,092145111004501,092145111005000,桂林理工大学                                                
45111011,11 ,45111,1,1,500 ,092145111005001,092145111005500,桂林理工大学                                                
45111012,12 ,45111,1,1,500 ,092145111005501,092145111006000,桂林理工大学                                                
45111013,13 ,45111,1,1,182 ,092145111006001,092145111006182,桂林理工大学                                                
45112001,1  ,45112,0,1,312 ,092145112000001,092145112000312,桂林空军学院                                                
45113001,1  ,45113,0,1,500 ,092145113000001,092145113000500,广西工学院                                                  
45113002,2  ,45113,0,1,500 ,092145113000501,092145113001000,广西工学院                                                  
45113003,3  ,45113,0,1,500 ,092145113001001,092145113001500,广西工学院                                                  
45113004,4  ,45113,0,1,500 ,092145113001501,092145113002000,广西工学院                                                  
45113005,5  ,45113,0,1,500 ,092145113002001,092145113002500,广西工学院                                                  
45113006,6  ,45113,0,1,500 ,092145113002501,092145113003000,广西工学院                                                  
45113007,7  ,45113,0,1,500 ,092145113003001,092145113003500,广西工学院                                                  
45113008,8  ,45113,0,1,500 ,092145113003501,092145113004000,广西工学院                                                  
45113009,9  ,45113,0,1,500 ,092145113004001,092145113004500,广西工学院                                                  
45113010,10 ,45113,0,1,340 ,092145113004501,092145113004840,广西工学院                                                  
45114001,1  ,45114,0,1,500 ,092145114000001,092145114000500,河池学院                                                    
45114002,2  ,45114,0,1,500 ,092145114000501,092145114001000,河池学院                                                    
45114003,3  ,45114,0,1,500 ,092145114001001,092145114001500,河池学院                                                    
45114004,4  ,45114,0,1,500 ,092145114001501,092145114002000,河池学院                                                    
45114005,5  ,45114,0,1,500 ,092145114002001,092145114002500,河池学院                                                    
45114006,6  ,45114,0,1,68  ,092145114002501,092145114002568,河池学院                                                    
45115001,1  ,45115,0,1,500 ,092145115000001,092145115000500,玉林师范学院                                                
45115002,2  ,45115,0,1,500 ,092145115000501,092145115001000,玉林师范学院                                                
45115003,3  ,45115,0,1,500 ,092145115001001,092145115001500,玉林师范学院                                                
45115004,4  ,45115,0,1,500 ,092145115001501,092145115002000,玉林师范学院                                                
45115005,5  ,45115,0,1,500 ,092145115002001,092145115002500,玉林师范学院                                                
45115006,6  ,45115,1,1,500 ,092145115002501,092145115003000,玉林师范学院                                                
45115007,7  ,45115,1,1,500 ,092145115003001,092145115003500,玉林师范学院                                                
45115008,8  ,45115,1,1,247 ,092145115003501,092145115003747,玉林师范学院                                                
45116001,1  ,45116,0,1,500 ,092145116000001,092145116000500,右江民族医学院                                              
45116002,2  ,45116,0,1,500 ,092145116000501,092145116001000,右江民族医学院                                              
45116003,3  ,45116,0,1,500 ,092145116001001,092145116001500,右江民族医学院                                              
45116004,4  ,45116,0,1,500 ,092145116001501,092145116002000,右江民族医学院                                              
45116005,5  ,45116,0,1,75  ,092145116002001,092145116002075,右江民族医学院                                              
45117001,1  ,45117,0,1,500 ,092145117000001,092145117000500,北京航空航天大学北海学院                                    
45117002,2  ,45117,0,1,500 ,092145117000501,092145117001000,北京航空航天大学北海学院                                    
45117003,3  ,45117,0,1,500 ,092145117001001,092145117001500,北京航空航天大学北海学院                                    
45117004,4  ,45117,0,1,500 ,092145117001501,092145117002000,北京航空航天大学北海学院                                    
45117005,5  ,45117,0,1,364 ,092145117002001,092145117002364,北京航空航天大学北海学院                                    
45118001,1  ,45118,0,1,500 ,092145118000001,092145118000500,广西师范大学漓江学院                                        
45118002,2  ,45118,0,1,500 ,092145118000501,092145118001000,广西师范大学漓江学院                                        
45118003,3  ,45118,0,1,500 ,092145118001001,092145118001500,广西师范大学漓江学院                                        
45118004,4  ,45118,0,1,500 ,092145118001501,092145118002000,广西师范大学漓江学院                                        
45118005,5  ,45118,0,1,500 ,092145118002001,092145118002500,广西师范大学漓江学院                                        
45118006,6  ,45118,0,1,500 ,092145118002501,092145118003000,广西师范大学漓江学院                                        
45118007,7  ,45118,0,1,155 ,092145118003001,092145118003155,广西师范大学漓江学院                                        
45119001,1  ,45119,0,1,500 ,092145119000001,092145119000500,广西工学院鹿山学院                                          
45119002,2  ,45119,0,1,500 ,092145119000501,092145119001000,广西工学院鹿山学院                                          
45119003,3  ,45119,0,1,500 ,092145119001001,092145119001500,广西工学院鹿山学院                                          
45119004,4  ,45119,0,1,500 ,092145119001501,092145119002000,广西工学院鹿山学院                                          
45119005,5  ,45119,1,1,500 ,092145119002001,092145119002500,广西工学院鹿山学院                                          
45119006,6  ,45119,1,1,500 ,092145119002501,092145119003000,广西工学院鹿山学院                                          
45119007,7  ,45119,1,1,222 ,092145119003001,092145119003222,广西工学院鹿山学院                                          
45120001,1  ,45120,0,1,500 ,092145120000001,092145120000500,广西师范学院师园学院                                        
45120002,2  ,45120,0,1,232 ,092145120000501,092145120000732,广西师范学院师园学院                                        
45201001,1  ,45201,0,1,107 ,092145201000001,092145201000107,广西体育高等专科学校                                        
45202001,1  ,45202,1,1,260 ,092145202000001,092145202000260,广西警官高等专科学校                                        
45203001,1  ,45203,0,1,500 ,092145203000001,092145203000500,邕江大学                                                    
45203002,2  ,45203,0,1,208 ,092145203000501,092145203000708,邕江大学                                                    
45204001,1  ,45204,0,1,500 ,092145204000001,092145204000500,桂林理工大学高等职业技术学院                                
45204002,2  ,45204,0,1,172 ,092145204000501,092145204000672,桂林理工大学高等职业技术学院                                
45205001,1  ,45205,0,1,500 ,092145205000001,092145205000500,广西职业技术学院                                            
45205002,2  ,45205,0,1,500 ,092145205000501,092145205001000,广西职业技术学院                                            
45205003,3  ,45205,0,1,187 ,092145205001001,092145205001187,广西职业技术学院                                            
45206001,1  ,45206,0,1,500 ,092145206000001,092145206000500,南宁职业技术学院                                            
45206002,2  ,45206,0,1,500 ,092145206000501,092145206001000,南宁职业技术学院                                            
45206003,3  ,45206,1,1,305 ,092145206001001,092145206001305,南宁职业技术学院                                            
45207001,1  ,45207,0,1,500 ,092145207000001,092145207000500,广西国际商务职业技术学院                                    
45207002,2  ,45207,0,1,500 ,092145207000501,092145207001000,广西国际商务职业技术学院                                    
45207003,3  ,45207,0,1,500 ,092145207001001,092145207001500,广西国际商务职业技术学院                                    
45207004,4  ,45207,0,1,436 ,092145207001501,092145207001936,广西国际商务职业技术学院                                    
45208001,1  ,45208,0,1,500 ,092145208000001,092145208000500,广西农业职业技术学院                                        
45208002,2  ,45208,0,1,52  ,092145208000501,092145208000552,广西农业职业技术学院                                        
45209001,1  ,45209,0,1,500 ,092145209000001,092145209000500,广西机电职业技术学院                                        
45209002,2  ,45209,0,1,500 ,092145209000501,092145209001000,广西机电职业技术学院                                        
45209003,3  ,45209,0,1,500 ,092145209001001,092145209001500,广西机电职业技术学院                                        
45209004,4  ,45209,0,1,256 ,092145209001501,092145209001756,广西机电职业技术学院                                        
45210001,1  ,45210,0,1,500 ,092145210000001,092145210000500,广西建设职业技术学院                                        
45210002,2  ,45210,0,1,2   ,092145210000501,092145210000502,广西建设职业技术学院                                        
45211001,1  ,45211,0,1,398 ,092145211000001,092145211000398,广西工业职业技术学院                                        
45212001,1  ,45212,0,1,500 ,092145212000001,092145212000500,广西水利电力职业技术学院                                    
45212002,2  ,45212,0,1,41  ,092145212000501,092145212000541,广西水利电力职业技术学院                                    
45213001,1  ,45213,0,1,500 ,092145213000001,092145213000500,桂林旅游高等专科学校                                        
45213002,2  ,45213,0,1,500 ,092145213000501,092145213001000,桂林旅游高等专科学校                                        
45213003,3  ,45213,0,1,500 ,092145213001001,092145213001500,桂林旅游高等专科学校                                        
45213004,4  ,45213,0,1,364 ,092145213001501,092145213001864,桂林旅游高等专科学校                                        
45214001,1  ,45214,0,1,500 ,092145214000001,092145214000500,桂林航天工业高等专科学校                                    
45214002,2  ,45214,0,1,500 ,092145214000501,092145214001000,桂林航天工业高等专科学校                                    
45214003,3  ,45214,0,1,500 ,092145214001001,092145214001500,桂林航天工业高等专科学校                                    
45214004,4  ,45214,0,1,130 ,092145214001501,092145214001630,桂林航天工业高等专科学校                                    
45215001,1  ,45215,1,1,500 ,092145215000001,092145215000500,桂林师范高等专科学校                                        
45215002,2  ,45215,1,1,500 ,092145215000501,092145215001000,桂林师范高等专科学校                                        
45215003,3  ,45215,1,1,398 ,092145215001001,092145215001398,桂林师范高等专科学校                                        
45217001,1  ,45217,0,1,500 ,092145217000001,092145217000500,柳州师范高等专科学校                                        
45217002,2  ,45217,1,1,270 ,092145217000501,092145217000770,柳州师范高等专科学校                                        
45218001,1  ,45218,0,1,500 ,092145218000001,092145218000500,柳州医学高等专科学校                                        
45218002,2  ,45218,0,1,178 ,092145218000501,092145218000678,柳州医学高等专科学校                                        
45219001,1  ,45219,0,1,500 ,092145219000001,092145219000500,柳州职业技术学院                                            
45219002,2  ,45219,0,1,500 ,092145219000501,092145219001000,柳州职业技术学院                                            
45219003,3  ,45219,0,1,322 ,092145219001001,092145219001322,柳州职业技术学院                                            
45220001,1  ,45220,0,1,386 ,092145220000001,092145220000386,广西生态工程职业技术学院                                    
45221001,1  ,45221,0,1,255 ,092145221000001,092145221000255,柳州运输职业技术学院                                        
45222001,1  ,45222,0,1,500 ,092145222000001,092145222000500,梧州学院                                                    
45222002,2  ,45222,0,1,500 ,092145222000501,092145222001000,梧州学院                                                    
45222003,3  ,45222,0,1,500 ,092145222001001,092145222001500,梧州学院                                                    
45222004,4  ,45222,0,1,500 ,092145222001501,092145222002000,梧州学院                                                    
45222005,5  ,45222,0,1,500 ,092145222002001,092145222002500,梧州学院                                                    
45222006,6  ,45222,0,1,500 ,092145222002501,092145222003000,梧州学院                                                    
45222007,7  ,45222,0,1,500 ,092145222003001,092145222003500,梧州学院                                                    
45222008,8  ,45222,0,1,500 ,092145222003501,092145222004000,梧州学院                                                    
45222009,9  ,45222,0,1,187 ,092145222004001,092145222004187,梧州学院                                                    
45223001,1  ,45223,0,1,500 ,092145223000001,092145223000500,贺州学院                                                    
45223002,2  ,45223,0,1,500 ,092145223000501,092145223001000,贺州学院                                                    
45223003,3  ,45223,1,1,500 ,092145223001001,092145223001500,贺州学院                                                    
45223004,4  ,45223,1,1,500 ,092145223001501,092145223002000,贺州学院                                                    
45223005,5  ,45223,1,1,500 ,092145223002001,092145223002500,贺州学院                                                    
45223006,6  ,45223,1,1,404 ,092145223002501,092145223002904,贺州学院                                                    
45224001,1  ,45224,0,1,316 ,092145224000001,092145224000316,河池职业学院                                                
45225001,1  ,45225,0,1,500 ,092145225000001,092145225000500,钦州学院                                                    
45225002,2  ,45225,0,1,500 ,092145225000501,092145225001000,钦州学院                                                    
45225003,3  ,45225,0,1,500 ,092145225001001,092145225001500,钦州学院                                                    
45225004,4  ,45225,0,1,500 ,092145225001501,092145225002000,钦州学院                                                    
45225005,5  ,45225,0,1,500 ,092145225002001,092145225002500,钦州学院                                                    
45225006,6  ,45225,0,1,146 ,092145225002501,092145225002646,钦州学院                                                    
45226001,1  ,45226,0,1,500 ,092145226000001,092145226000500,广西民族师范学院                                            
45226002,2  ,45226,1,1,500 ,092145226000501,092145226001000,广西民族师范学院                                            
45226003,3  ,45226,1,1,413 ,092145226001001,092145226001413,广西民族师范学院                                            
45227001,1  ,45227,0,1,500 ,092145227000001,092145227000500,百色学院                                                    
45227002,2  ,45227,0,1,500 ,092145227000501,092145227001000,百色学院                                                    
45227003,3  ,45227,0,1,500 ,092145227001001,092145227001500,百色学院                                                    
45227004,4  ,45227,0,1,500 ,092145227001501,092145227002000,百色学院                                                    
45227005,5  ,45227,0,1,500 ,092145227002001,092145227002500,百色学院                                                    
45227006,6  ,45227,0,1,79  ,092145227002501,092145227002579,百色学院                                                    
45228001,1  ,45228,0,1,331 ,092145228000001,092145228000331,广西工商职业技术学院                                        
45229001,1  ,45229,0,1,246 ,092145229000001,092145229000246,桂林山水职业学院                                            
45230001,1  ,45230,1,1,500 ,092145230000001,092145230000500,广西交通职业技术学院                                        
45230002,2  ,45230,1,1,500 ,092145230000501,092145230001000,广西交通职业技术学院                                        
45230003,3  ,45230,1,1,262 ,092145230001001,092145230001262,广西交通职业技术学院                                        
45231001,1  ,45231,0,1,500 ,092145231000001,092145231000500,北海职业学院                                                
45231002,2  ,45231,0,1,169 ,092145231000501,092145231000669,北海职业学院                                                
45232001,1  ,45232,0,1,354 ,092145232000001,092145232000354,广西电力职业技术学院                                        
45234001,1  ,45234,0,1,500 ,092145234000001,092145234000500,广西经贸职业技术学院                                        
45234002,2  ,45234,0,1,112 ,092145234000501,092145234000612,广西经贸职业技术学院                                        
45235001,1  ,45235,0,1,500 ,092145235000001,092145235000500,广西城市职业学院                                            
45235002,2  ,45235,0,1,268 ,092145235000501,092145235000768,广西城市职业学院                                            
45236001,1  ,45236,0,1,363 ,092145236000001,092145236000363,柳州城市职业学院                                            
45237001,1  ,45237,0,1,500 ,092145237000001,092145237000500,广西东方外语职业学院                                        
45237002,2  ,45237,0,1,500 ,092145237000501,092145237001000,广西东方外语职业学院                                        
45237003,3  ,45237,0,1,500 ,092145237001001,092145237001500,广西东方外语职业学院                                        
45237004,4  ,45237,0,1,109 ,092145237001501,092145237001609,广西东方外语职业学院                                        
45239001,1  ,45239,0,1,500 ,092145239000001,092145239000500,广西英华国际职业学院                                        
45239002,2  ,45239,0,1,446 ,092145239000501,092145239000946,广西英华国际职业学院                                        
45242001,1  ,45242,0,1,351 ,092145242000001,092145242000351,桂林电子科技大学职业技术学院                                
45301001,1  ,45301,0,1,500 ,092145301000001,092145301000500,广西教育学院                                                
45301002,2  ,45301,0,1,304 ,092145301000501,092145301000804,广西教育学院                                                
45302001,1  ,45302,0,1,363 ,092145302000001,092145302000363,南宁地区教育学院                                            
45303001,1  ,45303,0,1,499 ,092145303000001,092145303000499,广西卫生管理干部学院                                        
45304001,1  ,45304,0,1,500 ,092145304000001,092145304000500,广西经济管理干部学院                                        
45304002,2  ,45304,0,1,500 ,092145304000501,092145304001000,广西经济管理干部学院                                        
45304003,3  ,45304,0,1,4   ,092145304001001,092145304001004,广西经济管理干部学院                                        
45305001,1  ,45305,0,1,325 ,092145305000001,092145305000325,广西政法管理干部学院                                        
