34001001,1  ,34001,1,1,500 ,092134001000001,092134001000500,中国科学技术大学                                            
34001002,2  ,34001,1,1,40  ,092134001000501,092134001000540,中国科学技术大学                                            
34002001,1  ,34002,0,1,500 ,092134002000001,092134002000500,合肥工业大学                                                
34002002,2  ,34002,0,1,500 ,092134002000501,092134002001000,合肥工业大学                                                
34002003,3  ,34002,0,1,500 ,092134002001001,092134002001500,合肥工业大学                                                
34002004,4  ,34002,0,1,500 ,092134002001501,092134002002000,合肥工业大学                                                
34002005,5  ,34002,0,1,500 ,092134002002001,092134002002500,合肥工业大学                                                
34002006,6  ,34002,0,1,500 ,092134002002501,092134002003000,合肥工业大学                                                
34002007,7  ,34002,0,1,500 ,092134002003001,092134002003500,合肥工业大学                                                
34002008,8  ,34002,0,1,500 ,092134002003501,092134002004000,合肥工业大学                                                
34002009,9  ,34002,1,1,500 ,092134002004001,092134002004500,合肥工业大学                                                
34002010,10 ,34002,1,1,500 ,092134002004501,092134002005000,合肥工业大学                                                
34002011,11 ,34002,1,1,500 ,092134002005001,092134002005500,合肥工业大学                                                
34002012,12 ,34002,1,1,500 ,092134002005501,092134002006000,合肥工业大学                                                
34002013,13 ,34002,1,1,500 ,092134002006001,092134002006500,合肥工业大学                                                
34002014,14 ,34002,1,1,77  ,092134002006501,092134002006577,合肥工业大学                                                
34003001,1  ,34003,1,1,500 ,092134003000001,092134003000500,安徽大学                                                    
34003002,2  ,34003,1,1,500 ,092134003000501,092134003001000,安徽大学                                                    
34003003,3  ,34003,1,1,500 ,092134003001001,092134003001500,安徽大学                                                    
34003004,4  ,34003,1,1,500 ,092134003001501,092134003002000,安徽大学                                                    
34003005,5  ,34003,1,1,500 ,092134003002001,092134003002500,安徽大学                                                    
34003006,6  ,34003,1,1,500 ,092134003002501,092134003003000,安徽大学                                                    
34003007,7  ,34003,1,1,500 ,092134003003001,092134003003500,安徽大学                                                    
34003008,8  ,34003,1,1,500 ,092134003003501,092134003004000,安徽大学                                                    
34003009,9  ,34003,1,1,500 ,092134003004001,092134003004500,安徽大学                                                    
34003010,10 ,34003,1,1,500 ,092134003004501,092134003005000,安徽大学                                                    
34003011,11 ,34003,1,1,500 ,092134003005001,092134003005500,安徽大学                                                    
34003012,12 ,34003,1,1,273 ,092134003005501,092134003005773,安徽大学                                                    
34004001,1  ,34004,0,1,500 ,092134004000001,092134004000500,安徽师范大学                                                
34004002,2  ,34004,0,1,500 ,092134004000501,092134004001000,安徽师范大学                                                
34004003,3  ,34004,0,1,500 ,092134004001001,092134004001500,安徽师范大学                                                
34004004,4  ,34004,0,1,500 ,092134004001501,092134004002000,安徽师范大学                                                
34004005,5  ,34004,0,1,500 ,092134004002001,092134004002500,安徽师范大学                                                
34004006,6  ,34004,1,1,500 ,092134004002501,092134004003000,安徽师范大学                                                
34004007,7  ,34004,1,1,500 ,092134004003001,092134004003500,安徽师范大学                                                
34004008,8  ,34004,1,1,500 ,092134004003501,092134004004000,安徽师范大学                                                
34004009,9  ,34004,1,1,500 ,092134004004001,092134004004500,安徽师范大学                                                
34004010,10 ,34004,1,1,500 ,092134004004501,092134004005000,安徽师范大学                                                
34004011,11 ,34004,1,1,500 ,092134004005001,092134004005500,安徽师范大学                                                
34004012,12 ,34004,1,1,500 ,092134004005501,092134004006000,安徽师范大学                                                
34004013,13 ,34004,1,1,500 ,092134004006001,092134004006500,安徽师范大学                                                
34004014,14 ,34004,1,1,500 ,092134004006501,092134004007000,安徽师范大学                                                
34004015,15 ,34004,1,1,282 ,092134004007001,092134004007282,安徽师范大学                                                
34005001,1  ,34005,0,1,500 ,092134005000001,092134005000500,安徽农业大学                                                
34005002,2  ,34005,0,1,500 ,092134005000501,092134005001000,安徽农业大学                                                
34005003,3  ,34005,0,1,500 ,092134005001001,092134005001500,安徽农业大学                                                
34005004,4  ,34005,0,1,500 ,092134005001501,092134005002000,安徽农业大学                                                
34005005,5  ,34005,0,1,500 ,092134005002001,092134005002500,安徽农业大学                                                
34005006,6  ,34005,0,1,500 ,092134005002501,092134005003000,安徽农业大学                                                
34005007,7  ,34005,0,1,500 ,092134005003001,092134005003500,安徽农业大学                                                
34005008,8  ,34005,0,1,500 ,092134005003501,092134005004000,安徽农业大学                                                
34005009,9  ,34005,0,1,500 ,092134005004001,092134005004500,安徽农业大学                                                
34005010,10 ,34005,0,1,500 ,092134005004501,092134005005000,安徽农业大学                                                
34005011,11 ,34005,0,1,500 ,092134005005001,092134005005500,安徽农业大学                                                
34005012,12 ,34005,0,1,500 ,092134005005501,092134005006000,安徽农业大学                                                
34005013,13 ,34005,0,1,500 ,092134005006001,092134005006500,安徽农业大学                                                
34005014,14 ,34005,0,1,500 ,092134005006501,092134005007000,安徽农业大学                                                
34005015,15 ,34005,0,1,187 ,092134005007001,092134005007187,安徽农业大学                                                
34006001,1  ,34006,0,1,500 ,092134006000001,092134006000500,安徽医科大学                                                
34006002,2  ,34006,0,1,500 ,092134006000501,092134006001000,安徽医科大学                                                
34006003,3  ,34006,0,1,500 ,092134006001001,092134006001500,安徽医科大学                                                
34006004,4  ,34006,0,1,500 ,092134006001501,092134006002000,安徽医科大学                                                
34006005,5  ,34006,0,1,500 ,092134006002001,092134006002500,安徽医科大学                                                
34006006,6  ,34006,1,1,500 ,092134006002501,092134006003000,安徽医科大学                                                
34006007,7  ,34006,1,1,500 ,092134006003001,092134006003500,安徽医科大学                                                
34006008,8  ,34006,1,1,500 ,092134006003501,092134006004000,安徽医科大学                                                
34006009,9  ,34006,1,1,500 ,092134006004001,092134006004500,安徽医科大学                                                
34006010,10 ,34006,1,1,500 ,092134006004501,092134006005000,安徽医科大学                                                
34006011,11 ,34006,1,1,253 ,092134006005001,092134006005253,安徽医科大学                                                
34007001,1  ,34007,1,1,500 ,092134007000001,092134007000500,安徽工业大学                                                
34007002,2  ,34007,2,1,500 ,092134007000501,092134007001000,安徽工业大学                                                
34007003,3  ,34007,2,1,500 ,092134007001001,092134007001500,安徽工业大学                                                
34007004,4  ,34007,2,1,500 ,092134007001501,092134007002000,安徽工业大学                                                
34007005,5  ,34007,2,1,500 ,092134007002001,092134007002500,安徽工业大学                                                
34007006,6  ,34007,2,1,464 ,092134007002501,092134007002964,安徽工业大学                                                
34008001,1  ,34008,1,1,500 ,092134008000001,092134008000500,安徽理工大学                                                
34008002,2  ,34008,1,1,500 ,092134008000501,092134008001000,安徽理工大学                                                
34008003,3  ,34008,1,1,500 ,092134008001001,092134008001500,安徽理工大学                                                
34008004,4  ,34008,1,1,500 ,092134008001501,092134008002000,安徽理工大学                                                
34008005,5  ,34008,1,1,500 ,092134008002001,092134008002500,安徽理工大学                                                
34008006,6  ,34008,1,1,500 ,092134008002501,092134008003000,安徽理工大学                                                
34008007,7  ,34008,1,1,500 ,092134008003001,092134008003500,安徽理工大学                                                
34008008,8  ,34008,1,1,500 ,092134008003501,092134008004000,安徽理工大学                                                
34008009,9  ,34008,1,1,500 ,092134008004001,092134008004500,安徽理工大学                                                
34008010,10 ,34008,1,1,500 ,092134008004501,092134008005000,安徽理工大学                                                
34008011,11 ,34008,1,1,179 ,092134008005001,092134008005179,安徽理工大学                                                
34009001,1  ,34009,1,1,500 ,092134009000001,092134009000500,安徽财经大学                                                
34009002,2  ,34009,1,1,500 ,092134009000501,092134009001000,安徽财经大学                                                
34009003,3  ,34009,1,1,500 ,092134009001001,092134009001500,安徽财经大学                                                
34009004,4  ,34009,1,1,500 ,092134009001501,092134009002000,安徽财经大学                                                
34009005,5  ,34009,1,1,500 ,092134009002001,092134009002500,安徽财经大学                                                
34009006,6  ,34009,1,1,500 ,092134009002501,092134009003000,安徽财经大学                                                
34009007,7  ,34009,1,1,500 ,092134009003001,092134009003500,安徽财经大学                                                
34009008,8  ,34009,1,1,500 ,092134009003501,092134009004000,安徽财经大学                                                
34009009,9  ,34009,2,1,500 ,092134009004001,092134009004500,安徽财经大学                                                
34009010,10 ,34009,2,1,500 ,092134009004501,092134009005000,安徽财经大学                                                
34009011,11 ,34009,2,1,500 ,092134009005001,092134009005500,安徽财经大学                                                
34009012,12 ,34009,2,1,500 ,092134009005501,092134009006000,安徽财经大学                                                
34009013,13 ,34009,2,1,500 ,092134009006001,092134009006500,安徽财经大学                                                
34009014,14 ,34009,2,1,500 ,092134009006501,092134009007000,安徽财经大学                                                
34009015,15 ,34009,2,1,351 ,092134009007001,092134009007351,安徽财经大学                                                
34010001,1  ,34010,0,1,500 ,092134010000001,092134010000500,淮北煤炭师范学院                                            
34010002,2  ,34010,0,1,500 ,092134010000501,092134010001000,淮北煤炭师范学院                                            
34010003,3  ,34010,0,1,500 ,092134010001001,092134010001500,淮北煤炭师范学院                                            
34010004,4  ,34010,0,1,500 ,092134010001501,092134010002000,淮北煤炭师范学院                                            
34010005,5  ,34010,0,1,500 ,092134010002001,092134010002500,淮北煤炭师范学院                                            
34010006,6  ,34010,0,1,500 ,092134010002501,092134010003000,淮北煤炭师范学院                                            
34010007,7  ,34010,0,1,500 ,092134010003001,092134010003500,淮北煤炭师范学院                                            
34010008,8  ,34010,0,1,500 ,092134010003501,092134010004000,淮北煤炭师范学院                                            
34010009,9  ,34010,0,1,500 ,092134010004001,092134010004500,淮北煤炭师范学院                                            
34010010,10 ,34010,0,1,500 ,092134010004501,092134010005000,淮北煤炭师范学院                                            
34010011,11 ,34010,0,1,500 ,092134010005001,092134010005500,淮北煤炭师范学院                                            
34010012,12 ,34010,0,1,500 ,092134010005501,092134010006000,淮北煤炭师范学院                                            
34010013,13 ,34010,0,1,404 ,092134010006001,092134010006404,淮北煤炭师范学院                                            
34011001,1  ,34011,0,1,500 ,092134011000001,092134011000500,安徽中医学院                                                
34011002,2  ,34011,0,1,500 ,092134011000501,092134011001000,安徽中医学院                                                
34011003,3  ,34011,1,1,500 ,092134011001001,092134011001500,安徽中医学院                                                
34011004,4  ,34011,1,1,500 ,092134011001501,092134011002000,安徽中医学院                                                
34011005,5  ,34011,1,1,411 ,092134011002001,092134011002411,安徽中医学院                                                
34012001,1  ,34012,1,1,500 ,092134012000001,092134012000500,蚌埠医学院                                                  
34012002,2  ,34012,1,1,500 ,092134012000501,092134012001000,蚌埠医学院                                                  
34012003,3  ,34012,1,1,500 ,092134012001001,092134012001500,蚌埠医学院                                                  
34012004,4  ,34012,1,1,500 ,092134012001501,092134012002000,蚌埠医学院                                                  
34012005,5  ,34012,1,1,208 ,092134012002001,092134012002208,蚌埠医学院                                                  
34013001,1  ,34013,0,1,500 ,092134013000001,092134013000500,皖南医学院                                                  
34013002,2  ,34013,1,1,500 ,092134013000501,092134013001000,皖南医学院                                                  
34013003,3  ,34013,1,1,500 ,092134013001001,092134013001500,皖南医学院                                                  
34013004,4  ,34013,1,1,500 ,092134013001501,092134013002000,皖南医学院                                                  
34013005,5  ,34013,1,1,500 ,092134013002001,092134013002500,皖南医学院                                                  
34013006,6  ,34013,1,1,500 ,092134013002501,092134013003000,皖南医学院                                                  
34013007,7  ,34013,1,1,500 ,092134013003001,092134013003500,皖南医学院                                                  
34013008,8  ,34013,1,1,454 ,092134013003501,092134013003954,皖南医学院                                                  
34014001,1  ,34014,1,1,500 ,092134014000001,092134014000500,阜阳师范学院                                                
34014002,2  ,34014,1,1,500 ,092134014000501,092134014001000,阜阳师范学院                                                
34014003,3  ,34014,2,1,500 ,092134014001001,092134014001500,阜阳师范学院                                                
34014004,4  ,34014,2,1,500 ,092134014001501,092134014002000,阜阳师范学院                                                
34014005,5  ,34014,2,1,500 ,092134014002001,092134014002500,阜阳师范学院                                                
34014006,6  ,34014,2,1,500 ,092134014002501,092134014003000,阜阳师范学院                                                
34014007,7  ,34014,2,1,500 ,092134014003001,092134014003500,阜阳师范学院                                                
34014008,8  ,34014,2,1,248 ,092134014003501,092134014003748,阜阳师范学院                                                
34015001,1  ,34015,0,1,500 ,092134015000001,092134015000500,安庆师范学院                                                
34015002,2  ,34015,0,1,500 ,092134015000501,092134015001000,安庆师范学院                                                
34015003,3  ,34015,1,1,500 ,092134015001001,092134015001500,安庆师范学院                                                
34015004,4  ,34015,1,1,500 ,092134015001501,092134015002000,安庆师范学院                                                
34015005,5  ,34015,1,1,500 ,092134015002001,092134015002500,安庆师范学院                                                
34015006,6  ,34015,1,1,500 ,092134015002501,092134015003000,安庆师范学院                                                
34015007,7  ,34015,1,1,500 ,092134015003001,092134015003500,安庆师范学院                                                
34015008,8  ,34015,1,1,500 ,092134015003501,092134015004000,安庆师范学院                                                
34015009,9  ,34015,1,1,500 ,092134015004001,092134015004500,安庆师范学院                                                
34015010,10 ,34015,1,1,500 ,092134015004501,092134015005000,安庆师范学院                                                
34015011,11 ,34015,1,1,500 ,092134015005001,092134015005500,安庆师范学院                                                
34015012,12 ,34015,1,1,500 ,092134015005501,092134015006000,安庆师范学院                                                
34015013,13 ,34015,1,1,500 ,092134015006001,092134015006500,安庆师范学院                                                
34015014,14 ,34015,1,1,495 ,092134015006501,092134015006995,安庆师范学院                                                
34016001,1  ,34016,0,1,500 ,092134016000001,092134016000500,安徽工程科技学院                                            
34016002,2  ,34016,0,1,500 ,092134016000501,092134016001000,安徽工程科技学院                                            
34016003,3  ,34016,0,1,500 ,092134016001001,092134016001500,安徽工程科技学院                                            
34016004,4  ,34016,0,1,500 ,092134016001501,092134016002000,安徽工程科技学院                                            
34016005,5  ,34016,0,1,500 ,092134016002001,092134016002500,安徽工程科技学院                                            
34016006,6  ,34016,0,1,500 ,092134016002501,092134016003000,安徽工程科技学院                                            
34016007,7  ,34016,0,1,500 ,092134016003001,092134016003500,安徽工程科技学院                                            
34016008,8  ,34016,0,1,500 ,092134016003501,092134016004000,安徽工程科技学院                                            
34016009,9  ,34016,0,1,500 ,092134016004001,092134016004500,安徽工程科技学院                                            
34016010,10 ,34016,0,1,500 ,092134016004501,092134016005000,安徽工程科技学院                                            
34016011,11 ,34016,0,1,500 ,092134016005001,092134016005500,安徽工程科技学院                                            
34016012,12 ,34016,0,1,16  ,092134016005501,092134016005516,安徽工程科技学院                                            
34017001,1  ,34017,0,1,500 ,092134017000001,092134017000500,安徽建筑工业学院                                            
34017002,2  ,34017,0,1,500 ,092134017000501,092134017001000,安徽建筑工业学院                                            
34017003,3  ,34017,1,1,500 ,092134017001001,092134017001500,安徽建筑工业学院                                            
34017004,4  ,34017,1,1,500 ,092134017001501,092134017002000,安徽建筑工业学院                                            
34017005,5  ,34017,1,1,500 ,092134017002001,092134017002500,安徽建筑工业学院                                            
34017006,6  ,34017,1,1,500 ,092134017002501,092134017003000,安徽建筑工业学院                                            
34017007,7  ,34017,1,1,500 ,092134017003001,092134017003500,安徽建筑工业学院                                            
34017008,8  ,34017,1,1,500 ,092134017003501,092134017004000,安徽建筑工业学院                                            
34017009,9  ,34017,1,1,500 ,092134017004001,092134017004500,安徽建筑工业学院                                            
34017010,10 ,34017,1,1,500 ,092134017004501,092134017005000,安徽建筑工业学院                                            
34017011,11 ,34017,1,1,500 ,092134017005001,092134017005500,安徽建筑工业学院                                            
34017012,12 ,34017,1,1,500 ,092134017005501,092134017006000,安徽建筑工业学院                                            
34017013,13 ,34017,1,1,500 ,092134017006001,092134017006500,安徽建筑工业学院                                            
34017014,14 ,34017,1,1,500 ,092134017006501,092134017007000,安徽建筑工业学院                                            
34017015,15 ,34017,1,1,353 ,092134017007001,092134017007353,安徽建筑工业学院                                            
34018001,1  ,34018,0,1,500 ,092134018000001,092134018000500,安徽科技学院                                                
34018002,2  ,34018,0,1,500 ,092134018000501,092134018001000,安徽科技学院                                                
34018003,3  ,34018,0,1,500 ,092134018001001,092134018001500,安徽科技学院                                                
34018004,4  ,34018,0,1,500 ,092134018001501,092134018002000,安徽科技学院                                                
34018005,5  ,34018,0,1,500 ,092134018002001,092134018002500,安徽科技学院                                                
34018006,6  ,34018,0,1,500 ,092134018002501,092134018003000,安徽科技学院                                                
34018007,7  ,34018,0,1,500 ,092134018003001,092134018003500,安徽科技学院                                                
34018008,8  ,34018,0,1,500 ,092134018003501,092134018004000,安徽科技学院                                                
34018009,9  ,34018,0,1,500 ,092134018004001,092134018004500,安徽科技学院                                                
34018010,10 ,34018,0,1,500 ,092134018004501,092134018005000,安徽科技学院                                                
34018011,11 ,34018,0,1,500 ,092134018005001,092134018005500,安徽科技学院                                                
34018012,12 ,34018,0,1,276 ,092134018005501,092134018005776,安徽科技学院                                                
34019001,1  ,34019,0,1,500 ,092134019000001,092134019000500,皖西学院                                                    
34019002,2  ,34019,0,1,500 ,092134019000501,092134019001000,皖西学院                                                    
34019003,3  ,34019,0,1,500 ,092134019001001,092134019001500,皖西学院                                                    
34019004,4  ,34019,0,1,500 ,092134019001501,092134019002000,皖西学院                                                    
34019005,5  ,34019,0,1,500 ,092134019002001,092134019002500,皖西学院                                                    
34019006,6  ,34019,0,1,500 ,092134019002501,092134019003000,皖西学院                                                    
34019007,7  ,34019,0,1,500 ,092134019003001,092134019003500,皖西学院                                                    
34019008,8  ,34019,0,1,500 ,092134019003501,092134019004000,皖西学院                                                    
34019009,9  ,34019,0,1,500 ,092134019004001,092134019004500,皖西学院                                                    
34019010,10 ,34019,0,1,345 ,092134019004501,092134019004845,皖西学院                                                    
34020001,1  ,34020,2,1,500 ,092134020000001,092134020000500,淮南师范学院                                                
34020002,2  ,34020,2,1,500 ,092134020000501,092134020001000,淮南师范学院                                                
34020003,3  ,34020,2,1,500 ,092134020001001,092134020001500,淮南师范学院                                                
34020004,4  ,34020,2,1,500 ,092134020001501,092134020002000,淮南师范学院                                                
34020005,5  ,34020,2,1,500 ,092134020002001,092134020002500,淮南师范学院                                                
34020006,6  ,34020,2,1,294 ,092134020002501,092134020002794,淮南师范学院                                                
34021001,1  ,34021,1,1,500 ,092134021000001,092134021000500,合肥学院                                                    
34021002,2  ,34021,1,1,500 ,092134021000501,092134021001000,合肥学院                                                    
34021003,3  ,34021,1,1,500 ,092134021001001,092134021001500,合肥学院                                                    
34021004,4  ,34021,1,1,500 ,092134021001501,092134021002000,合肥学院                                                    
34021005,5  ,34021,1,1,500 ,092134021002001,092134021002500,合肥学院                                                    
34021006,6  ,34021,2,1,500 ,092134021002501,092134021003000,合肥学院                                                    
34021007,7  ,34021,2,1,500 ,092134021003001,092134021003500,合肥学院                                                    
34021008,8  ,34021,2,1,500 ,092134021003501,092134021004000,合肥学院                                                    
34021009,9  ,34021,2,1,59  ,092134021004001,092134021004059,合肥学院                                                    
34022001,1  ,34022,0,1,500 ,092134022000001,092134022000500,巢湖学院                                                    
34022002,2  ,34022,0,1,500 ,092134022000501,092134022001000,巢湖学院                                                    
34022003,3  ,34022,0,1,500 ,092134022001001,092134022001500,巢湖学院                                                    
34022004,4  ,34022,0,1,500 ,092134022001501,092134022002000,巢湖学院                                                    
34022005,5  ,34022,0,1,65  ,092134022002001,092134022002065,巢湖学院                                                    
34023001,1  ,34023,0,1,500 ,092134023000001,092134023000500,黄山学院                                                    
34023002,2  ,34023,0,1,500 ,092134023000501,092134023001000,黄山学院                                                    
34023003,3  ,34023,0,1,500 ,092134023001001,092134023001500,黄山学院                                                    
34023004,4  ,34023,0,1,500 ,092134023001501,092134023002000,黄山学院                                                    
34023005,5  ,34023,0,1,500 ,092134023002001,092134023002500,黄山学院                                                    
34023006,6  ,34023,0,1,500 ,092134023002501,092134023003000,黄山学院                                                    
34023007,7  ,34023,0,1,500 ,092134023003001,092134023003500,黄山学院                                                    
34023008,8  ,34023,0,1,500 ,092134023003501,092134023004000,黄山学院                                                    
34023009,9  ,34023,0,1,500 ,092134023004001,092134023004500,黄山学院                                                    
34023010,10 ,34023,1,1,500 ,092134023004501,092134023005000,黄山学院                                                    
34023011,11 ,34023,1,1,500 ,092134023005001,092134023005500,黄山学院                                                    
34023012,12 ,34023,1,1,500 ,092134023005501,092134023006000,黄山学院                                                    
34023013,13 ,34023,1,1,21  ,092134023006001,092134023006021,黄山学院                                                    
34024001,1  ,34024,1,1,500 ,092134024000001,092134024000500,铜陵学院                                                    
34024002,2  ,34024,1,1,500 ,092134024000501,092134024001000,铜陵学院                                                    
34024003,3  ,34024,1,1,500 ,092134024001001,092134024001500,铜陵学院                                                    
34024004,4  ,34024,1,1,500 ,092134024001501,092134024002000,铜陵学院                                                    
34024005,5  ,34024,1,1,500 ,092134024002001,092134024002500,铜陵学院                                                    
34024006,6  ,34024,1,1,500 ,092134024002501,092134024003000,铜陵学院                                                    
34024007,7  ,34024,1,1,500 ,092134024003001,092134024003500,铜陵学院                                                    
34024008,8  ,34024,1,1,500 ,092134024003501,092134024004000,铜陵学院                                                    
34024009,9  ,34024,1,1,391 ,092134024004001,092134024004391,铜陵学院                                                    
34025001,1  ,34025,0,1,500 ,092134025000001,092134025000500,蚌埠坦克学院                                                
34025002,2  ,34025,0,1,401 ,092134025000501,092134025000901,蚌埠坦克学院                                                
34026001,1  ,34026,0,1,259 ,092134026000001,092134026000259,汽车管理学院                                                
34027001,1  ,34027,0,1,500 ,092134027000001,092134027000500,解放军电子工程学院                                          
34027002,2  ,34027,1,1,500 ,092134027000501,092134027001000,解放军电子工程学院                                          
34027003,3  ,34027,1,1,500 ,092134027001001,092134027001500,解放军电子工程学院                                          
34027004,4  ,34027,1,1,344 ,092134027001501,092134027001844,解放军电子工程学院                                          
34028001,1  ,34028,0,1,500 ,092134028000001,092134028000500,解放军炮兵学院                                              
34028002,2  ,34028,0,1,500 ,092134028000501,092134028001000,解放军炮兵学院                                              
34028003,3  ,34028,0,1,500 ,092134028001001,092134028001500,解放军炮兵学院                                              
34028004,4  ,34028,0,1,500 ,092134028001501,092134028002000,解放军炮兵学院                                              
34028005,5  ,34028,0,1,500 ,092134028002001,092134028002500,解放军炮兵学院                                              
34028006,6  ,34028,0,1,500 ,092134028002501,092134028003000,解放军炮兵学院                                              
34028007,7  ,34028,0,1,500 ,092134028003001,092134028003500,解放军炮兵学院                                              
34028008,8  ,34028,0,1,104 ,092134028003501,092134028003604,解放军炮兵学院                                              
34029001,1  ,34029,0,1,118 ,092134029000001,092134029000118,安徽广播电视大学                                            
34030001,1  ,34030,0,1,500 ,092134030000001,092134030000500,合肥师范学院                                                
34030002,2  ,34030,0,1,500 ,092134030000501,092134030001000,合肥师范学院                                                
34030003,3  ,34030,0,1,500 ,092134030001001,092134030001500,合肥师范学院                                                
34030004,4  ,34030,0,1,500 ,092134030001501,092134030002000,合肥师范学院                                                
34030005,5  ,34030,0,1,500 ,092134030002001,092134030002500,合肥师范学院                                                
34030006,6  ,34030,0,1,500 ,092134030002501,092134030003000,合肥师范学院                                                
34030007,7  ,34030,0,1,500 ,092134030003001,092134030003500,合肥师范学院                                                
34030008,8  ,34030,0,1,500 ,092134030003501,092134030004000,合肥师范学院                                                
34030009,9  ,34030,0,1,500 ,092134030004001,092134030004500,合肥师范学院                                                
34030010,10 ,34030,0,1,210 ,092134030004501,092134030004710,合肥师范学院                                                
34031001,1  ,34031,0,1,500 ,092134031000001,092134031000500,安徽师范大学                                                
34031002,2  ,34031,0,1,500 ,092134031000501,092134031001000,安徽师范大学                                                
34031003,3  ,34031,0,1,500 ,092134031001001,092134031001500,安徽师范大学                                                
34031004,4  ,34031,0,1,453 ,092134031001501,092134031001953,安徽师范大学                                                
34032001,1  ,34032,0,1,500 ,092134032000001,092134032000500,滁州学院                                                    
34032002,2  ,34032,0,1,500 ,092134032000501,092134032001000,滁州学院                                                    
34032003,3  ,34032,0,1,500 ,092134032001001,092134032001500,滁州学院                                                    
34032004,4  ,34032,0,1,500 ,092134032001501,092134032002000,滁州学院                                                    
34032005,5  ,34032,0,1,500 ,092134032002001,092134032002500,滁州学院                                                    
34032006,6  ,34032,0,1,500 ,092134032002501,092134032003000,滁州学院                                                    
34032007,7  ,34032,0,1,500 ,092134032003001,092134032003500,滁州学院                                                    
34032008,8  ,34032,1,1,500 ,092134032003501,092134032004000,滁州学院                                                    
34032009,9  ,34032,1,1,221 ,092134032004001,092134032004221,滁州学院                                                    
34033001,1  ,34033,1,1,500 ,092134033000001,092134033000500,宿州学院                                                    
34033002,2  ,34033,1,1,500 ,092134033000501,092134033001000,宿州学院                                                    
34033003,3  ,34033,2,1,500 ,092134033001001,092134033001500,宿州学院                                                    
34033004,4  ,34033,2,1,500 ,092134033001501,092134033002000,宿州学院                                                    
34033005,5  ,34033,2,1,500 ,092134033002001,092134033002500,宿州学院                                                    
34033006,6  ,34033,2,1,500 ,092134033002501,092134033003000,宿州学院                                                    
34033007,7  ,34033,2,1,500 ,092134033003001,092134033003500,宿州学院                                                    
34033008,8  ,34033,2,1,500 ,092134033003501,092134033004000,宿州学院                                                    
34033009,9  ,34033,2,1,500 ,092134033004001,092134033004500,宿州学院                                                    
34033010,10 ,34033,2,1,500 ,092134033004501,092134033005000,宿州学院                                                    
34033011,11 ,34033,2,1,224 ,092134033005001,092134033005224,宿州学院                                                    
34034001,1  ,34034,0,1,500 ,092134034000001,092134034000500,池州学院                                                    
34034002,2  ,34034,1,1,500 ,092134034000501,092134034001000,池州学院                                                    
34034003,3  ,34034,1,1,500 ,092134034001001,092134034001500,池州学院                                                    
34034004,4  ,34034,1,1,500 ,092134034001501,092134034002000,池州学院                                                    
34034005,5  ,34034,1,1,500 ,092134034002001,092134034002500,池州学院                                                    
34034006,6  ,34034,1,1,500 ,092134034002501,092134034003000,池州学院                                                    
34034007,7  ,34034,1,1,161 ,092134034003001,092134034003161,池州学院                                                    
34035001,1  ,34035,0,1,500 ,092134035000001,092134035000500,蚌埠学院                                                    
34035002,2  ,34035,0,1,500 ,092134035000501,092134035001000,蚌埠学院                                                    
34035003,3  ,34035,0,1,500 ,092134035001001,092134035001500,蚌埠学院                                                    
34035004,4  ,34035,0,1,500 ,092134035001501,092134035002000,蚌埠学院                                                    
34035005,5  ,34035,0,1,500 ,092134035002001,092134035002500,蚌埠学院                                                    
34035006,6  ,34035,0,1,500 ,092134035002501,092134035003000,蚌埠学院                                                    
34035007,7  ,34035,0,1,255 ,092134035003001,092134035003255,蚌埠学院                                                    
34036001,1  ,34036,0,1,500 ,092134036000001,092134036000500,淮南联合大学                                                
34036002,2  ,34036,0,1,500 ,092134036000501,092134036001000,淮南联合大学                                                
34036003,3  ,34036,0,1,500 ,092134036001001,092134036001500,淮南联合大学                                                
34036004,4  ,34036,0,1,500 ,092134036001501,092134036002000,淮南联合大学                                                
34036005,5  ,34036,0,1,106 ,092134036002001,092134036002106,淮南联合大学                                                
34037001,1  ,34037,0,1,500 ,092134037000001,092134037000500,亳州师范高等专科学校                                        
34037002,2  ,34037,0,1,500 ,092134037000501,092134037001000,亳州师范高等专科学校                                        
34037003,3  ,34037,0,1,98  ,092134037001001,092134037001098,亳州师范高等专科学校                                        
34038001,1  ,34038,0,1,500 ,092134038000001,092134038000500,安徽医学高等专科学校                                        
34038002,2  ,34038,0,1,500 ,092134038000501,092134038001000,安徽医学高等专科学校                                        
34038003,3  ,34038,0,1,500 ,092134038001001,092134038001500,安徽医学高等专科学校                                        
34038004,4  ,34038,1,1,500 ,092134038001501,092134038002000,安徽医学高等专科学校                                        
34039001,1  ,34039,0,1,500 ,092134039000001,092134039000500,安徽中医药高等专科学校                                      
34039002,2  ,34039,0,1,500 ,092134039000501,092134039001000,安徽中医药高等专科学校                                      
34039003,3  ,34039,0,1,500 ,092134039001001,092134039001500,安徽中医药高等专科学校                                      
34039004,4  ,34039,0,1,500 ,092134039001501,092134039002000,安徽中医药高等专科学校                                      
34039005,5  ,34039,0,1,500 ,092134039002001,092134039002500,安徽中医药高等专科学校                                      
34039006,6  ,34039,0,1,164 ,092134039002501,092134039002664,安徽中医药高等专科学校                                      
34040001,1  ,34040,0,1,500 ,092134040000001,092134040000500,芜湖职业技术学院                                            
34040002,2  ,34040,0,1,500 ,092134040000501,092134040001000,芜湖职业技术学院                                            
34040003,3  ,34040,0,1,500 ,092134040001001,092134040001500,芜湖职业技术学院                                            
34040004,4  ,34040,0,1,500 ,092134040001501,092134040002000,芜湖职业技术学院                                            
34040005,5  ,34040,0,1,44  ,092134040002001,092134040002044,芜湖职业技术学院                                            
34041001,1  ,34041,0,1,500 ,092134041000001,092134041000500,淮南职业技术学院                                            
34041002,2  ,34041,0,1,500 ,092134041000501,092134041001000,淮南职业技术学院                                            
34041003,3  ,34041,0,1,500 ,092134041001001,092134041001500,淮南职业技术学院                                            
34041004,4  ,34041,0,1,167 ,092134041001501,092134041001667,淮南职业技术学院                                            
34042001,1  ,34042,0,1,500 ,092134042000001,092134042000500,阜阳职业技术学院                                            
34042002,2  ,34042,0,1,500 ,092134042000501,092134042001000,阜阳职业技术学院                                            
34042003,3  ,34042,0,1,500 ,092134042001001,092134042001500,阜阳职业技术学院                                            
34042004,4  ,34042,0,1,242 ,092134042001501,092134042001742,阜阳职业技术学院                                            
34043001,1  ,34043,0,1,500 ,092134043000001,092134043000500,安徽工业职业技术学院                                        
34043002,2  ,34043,0,1,500 ,092134043000501,092134043001000,安徽工业职业技术学院                                        
34043003,3  ,34043,0,1,178 ,092134043001001,092134043001178,安徽工业职业技术学院                                        
34044001,1  ,34044,0,1,500 ,092134044000001,092134044000500,淮北职业技术学院                                            
34044002,2  ,34044,0,1,500 ,092134044000501,092134044001000,淮北职业技术学院                                            
34044003,3  ,34044,0,1,500 ,092134044001001,092134044001500,淮北职业技术学院                                            
34044004,4  ,34044,0,1,500 ,092134044001501,092134044002000,淮北职业技术学院                                            
34044005,5  ,34044,0,1,500 ,092134044002001,092134044002500,淮北职业技术学院                                            
34044006,6  ,34044,0,1,300 ,092134044002501,092134044002800,淮北职业技术学院                                            
34045001,1  ,34045,0,1,500 ,092134045000001,092134045000500,宿州职业技术学院                                            
34045002,2  ,34045,0,1,500 ,092134045000501,092134045001000,宿州职业技术学院                                            
34045003,3  ,34045,0,1,227 ,092134045001001,092134045001227,宿州职业技术学院                                            
34046001,1  ,34046,0,1,500 ,092134046000001,092134046000500,铜陵职业技术学院                                            
34046002,2  ,34046,0,1,500 ,092134046000501,092134046001000,铜陵职业技术学院                                            
34046003,3  ,34046,0,1,500 ,092134046001001,092134046001500,铜陵职业技术学院                                            
34046004,4  ,34046,0,1,500 ,092134046001501,092134046002000,铜陵职业技术学院                                            
34046005,5  ,34046,0,1,30  ,092134046002001,092134046002030,铜陵职业技术学院                                            
34047001,1  ,34047,0,1,500 ,092134047000001,092134047000500,马鞍山师范高等专科学校                                      
34047002,2  ,34047,0,1,500 ,092134047000501,092134047001000,马鞍山师范高等专科学校                                      
34047003,3  ,34047,0,1,500 ,092134047001001,092134047001500,马鞍山师范高等专科学校                                      
34047004,4  ,34047,0,1,443 ,092134047001501,092134047001943,马鞍山师范高等专科学校                                      
34048001,1  ,34048,1,1,500 ,092134048000001,092134048000500,滁州职业技术学院                                            
34048002,2  ,34048,1,1,500 ,092134048000501,092134048001000,滁州职业技术学院                                            
34048003,3  ,34048,1,1,500 ,092134048001001,092134048001500,滁州职业技术学院                                            
34048004,4  ,34048,1,1,56  ,092134048001501,092134048001556,滁州职业技术学院                                            
34049001,1  ,34049,0,1,500 ,092134049000001,092134049000500,池州职业技术学院                                            
34049002,2  ,34049,0,1,500 ,092134049000501,092134049001000,池州职业技术学院                                            
34049003,3  ,34049,0,1,216 ,092134049001001,092134049001216,池州职业技术学院                                            
34050001,1  ,34050,0,1,500 ,092134050000001,092134050000500,宣城职业技术学院                                            
34050002,2  ,34050,0,1,182 ,092134050000501,092134050000682,宣城职业技术学院                                            
34051001,1  ,34051,0,1,500 ,092134051000001,092134051000500,安庆职业技术学院                                            
34051002,2  ,34051,0,1,500 ,092134051000501,092134051001000,安庆职业技术学院                                            
34051003,3  ,34051,0,1,135 ,092134051001001,092134051001135,安庆职业技术学院                                            
34052001,1  ,34052,0,1,500 ,092134052000001,092134052000500,安徽职业技术学院                                            
34052002,2  ,34052,1,1,500 ,092134052000501,092134052001000,安徽职业技术学院                                            
34052003,3  ,34052,1,1,41  ,092134052001001,092134052001041,安徽职业技术学院                                            
34053001,1  ,34053,0,1,500 ,092134053000001,092134053000500,安徽水利水电职业技术学院                                    
34053002,2  ,34053,0,1,500 ,092134053000501,092134053001000,安徽水利水电职业技术学院                                    
34053003,3  ,34053,0,1,500 ,092134053001001,092134053001500,安徽水利水电职业技术学院                                    
34053004,4  ,34053,0,1,143 ,092134053001501,092134053001643,安徽水利水电职业技术学院                                    
34054001,1  ,34054,0,1,500 ,092134054000001,092134054000500,安徽工业经济职业技术学院                                    
34054002,2  ,34054,0,1,500 ,092134054000501,092134054001000,安徽工业经济职业技术学院                                    
34054003,3  ,34054,0,1,500 ,092134054001001,092134054001500,安徽工业经济职业技术学院                                    
34054004,4  ,34054,0,1,500 ,092134054001501,092134054002000,安徽工业经济职业技术学院                                    
34054005,5  ,34054,0,1,392 ,092134054002001,092134054002392,安徽工业经济职业技术学院                                    
34055001,1  ,34055,0,1,500 ,092134055000001,092134055000500,安徽警官职业学院                                            
34055002,2  ,34055,0,1,500 ,092134055000501,092134055001000,安徽警官职业学院                                            
34055003,3  ,34055,0,1,500 ,092134055001001,092134055001500,安徽警官职业学院                                            
34055004,4  ,34055,0,1,363 ,092134055001501,092134055001863,安徽警官职业学院                                            
34056001,1  ,34056,0,1,500 ,092134056000001,092134056000500,安徽交通职业技术学院                                        
34056002,2  ,34056,0,1,500 ,092134056000501,092134056001000,安徽交通职业技术学院                                        
34056003,3  ,34056,0,1,500 ,092134056001001,092134056001500,安徽交通职业技术学院                                        
34056004,4  ,34056,0,1,261 ,092134056001501,092134056001761,安徽交通职业技术学院                                        
34057001,1  ,34057,0,1,500 ,092134057000001,092134057000500,安徽商贸职业技术学院                                        
34057002,2  ,34057,0,1,500 ,092134057000501,092134057001000,安徽商贸职业技术学院                                        
34057003,3  ,34057,0,1,500 ,092134057001001,092134057001500,安徽商贸职业技术学院                                        
34057004,4  ,34057,0,1,500 ,092134057001501,092134057002000,安徽商贸职业技术学院                                        
34057005,5  ,34057,0,1,171 ,092134057002001,092134057002171,安徽商贸职业技术学院                                        
34058001,1  ,34058,0,1,500 ,092134058000001,092134058000500,安徽工贸职业技术学院                                        
34058002,2  ,34058,0,1,500 ,092134058000501,092134058001000,安徽工贸职业技术学院                                        
34058003,3  ,34058,0,1,393 ,092134058001001,092134058001393,安徽工贸职业技术学院                                        
34059001,1  ,34059,0,1,500 ,092134059000001,092134059000500,安徽电子信息职业技术学院                                    
34059002,2  ,34059,0,1,500 ,092134059000501,092134059001000,安徽电子信息职业技术学院                                    
34059003,3  ,34059,0,1,500 ,092134059001001,092134059001500,安徽电子信息职业技术学院                                    
34059004,4  ,34059,0,1,500 ,092134059001501,092134059002000,安徽电子信息职业技术学院                                    
34059005,5  ,34059,0,1,67  ,092134059002001,092134059002067,安徽电子信息职业技术学院                                    
34060001,1  ,34060,0,1,500 ,092134060000001,092134060000500,安徽中澳科技职业学院                                        
34060002,2  ,34060,0,1,449 ,092134060000501,092134060000949,安徽中澳科技职业学院                                        
34061001,1  ,34061,1,1,500 ,092134061000001,092134061000500,安徽冶金科技职业学院                                        
34061002,2  ,34061,1,1,373 ,092134061000501,092134061000873,安徽冶金科技职业学院                                        
34062001,1  ,34062,0,1,500 ,092134062000001,092134062000500,安徽新华学院                                                
34062002,2  ,34062,0,1,500 ,092134062000501,092134062001000,安徽新华学院                                                
34062003,3  ,34062,0,1,500 ,092134062001001,092134062001500,安徽新华学院                                                
34062004,4  ,34062,0,1,500 ,092134062001501,092134062002000,安徽新华学院                                                
34062005,5  ,34062,0,1,500 ,092134062002001,092134062002500,安徽新华学院                                                
34062006,6  ,34062,0,1,500 ,092134062002501,092134062003000,安徽新华学院                                                
34062007,7  ,34062,0,1,500 ,092134062003001,092134062003500,安徽新华学院                                                
34062008,8  ,34062,0,1,500 ,092134062003501,092134062004000,安徽新华学院                                                
34062009,9  ,34062,0,1,500 ,092134062004001,092134062004500,安徽新华学院                                                
34062010,10 ,34062,0,1,197 ,092134062004501,092134062004697,安徽新华学院                                                
34063001,1  ,34063,0,1,500 ,092134063000001,092134063000500,万博科技职业学院                                            
34063002,2  ,34063,0,1,500 ,092134063000501,092134063001000,万博科技职业学院                                            
34063003,3  ,34063,0,1,500 ,092134063001001,092134063001500,万博科技职业学院                                            
34063004,4  ,34063,0,1,223 ,092134063001501,092134063001723,万博科技职业学院                                            
34064001,1  ,34064,0,1,500 ,092134064000001,092134064000500,安徽三联学院                                                
34064002,2  ,34064,0,1,500 ,092134064000501,092134064001000,安徽三联学院                                                
34064003,3  ,34064,0,1,500 ,092134064001001,092134064001500,安徽三联学院                                                
34064004,4  ,34064,0,1,500 ,092134064001501,092134064002000,安徽三联学院                                                
34064005,5  ,34064,0,1,500 ,092134064002001,092134064002500,安徽三联学院                                                
34064006,6  ,34064,0,1,500 ,092134064002501,092134064003000,安徽三联学院                                                
34064007,7  ,34064,0,1,500 ,092134064003001,092134064003500,安徽三联学院                                                
34064008,8  ,34064,0,1,271 ,092134064003501,092134064003771,安徽三联学院                                                
34065001,1  ,34065,0,1,500 ,092134065000001,092134065000500,安徽文达信息技术职业学院                                    
34065002,2  ,34065,0,1,500 ,092134065000501,092134065001000,安徽文达信息技术职业学院                                    
34065003,3  ,34065,0,1,103 ,092134065001001,092134065001103,安徽文达信息技术职业学院                                    
34066001,1  ,34066,0,1,500 ,092134066000001,092134066000500,安徽涉外经济职业学院                                        
34066002,2  ,34066,0,1,500 ,092134066000501,092134066001000,安徽涉外经济职业学院                                        
34066003,3  ,34066,0,1,500 ,092134066001001,092134066001500,安徽涉外经济职业学院                                        
34066004,4  ,34066,0,1,500 ,092134066001501,092134066002000,安徽涉外经济职业学院                                        
34066005,5  ,34066,0,1,500 ,092134066002001,092134066002500,安徽涉外经济职业学院                                        
34066006,6  ,34066,0,1,90  ,092134066002501,092134066002590,安徽涉外经济职业学院                                        
34067001,1  ,34067,0,1,500 ,092134067000001,092134067000500,安徽外国语职业技术学院                                      
34067002,2  ,34067,0,1,500 ,092134067000501,092134067001000,安徽外国语职业技术学院                                      
34067003,3  ,34067,0,1,170 ,092134067001001,092134067001170,安徽外国语职业技术学院                                      
34068001,1  ,34068,0,1,500 ,092134068000001,092134068000500,芜湖信息技术职业学院                                        
34068002,2  ,34068,0,1,500 ,092134068000501,092134068001000,芜湖信息技术职业学院                                        
34068003,3  ,34068,0,1,140 ,092134068001001,092134068001140,芜湖信息技术职业学院                                        
34069001,1  ,34069,0,1,500 ,092134069000001,092134069000500,安徽经济管理干部学院                                        
34069002,2  ,34069,1,1,500 ,092134069000501,092134069001000,安徽经济管理干部学院                                        
34069003,3  ,34069,2,1,300 ,092134069001001,092134069001300,安徽经济管理干部学院                                        
34070001,1  ,34070,0,1,500 ,092134070000001,092134070000500,安徽审计职业学院                                            
34070002,2  ,34070,0,1,224 ,092134070000501,092134070000724,安徽审计职业学院                                            
34071001,1  ,34071,0,1,326 ,092134071000001,092134071000326,合肥经济技术职业学院                                        
34073001,1  ,34073,0,1,500 ,092134073000001,092134073000500,安徽城市管理职业学院                                        
34073002,2  ,34073,0,1,500 ,092134073000501,092134073001000,安徽城市管理职业学院                                        
34073003,3  ,34073,0,1,500 ,092134073001001,092134073001500,安徽城市管理职业学院                                        
34073004,4  ,34073,0,1,83  ,092134073001501,092134073001583,安徽城市管理职业学院                                        
34074001,1  ,34074,0,1,500 ,092134074000001,092134074000500,安徽机电职业技术学院                                        
34074002,2  ,34074,0,1,500 ,092134074000501,092134074001000,安徽机电职业技术学院                                        
34074003,3  ,34074,0,1,117 ,092134074001001,092134074001117,安徽机电职业技术学院                                        
34075001,1  ,34075,0,1,500 ,092134075000001,092134075000500,安徽国际商务职业学院                                        
34075002,2  ,34075,0,1,500 ,092134075000501,092134075001000,安徽国际商务职业学院                                        
34075003,3  ,34075,0,1,368 ,092134075001001,092134075001368,安徽国际商务职业学院                                        
34076001,1  ,34076,0,1,500 ,092134076000001,092134076000500,安徽广播影视职业技术学院                                    
34076002,2  ,34076,0,1,500 ,092134076000501,092134076001000,安徽广播影视职业技术学院                                    
34076003,3  ,34076,0,1,500 ,092134076001001,092134076001500,安徽广播影视职业技术学院                                    
34076004,4  ,34076,0,1,410 ,092134076001501,092134076001910,安徽广播影视职业技术学院                                    
34077001,1  ,34077,0,1,500 ,092134077000001,092134077000500,安徽电气工程职业技术学院                                    
34077002,2  ,34077,0,1,437 ,092134077000501,092134077000937,安徽电气工程职业技术学院                                    
34078001,1  ,34078,0,1,500 ,092134078000001,092134078000500, 安徽财贸职业学院                                           
34078002,2  ,34078,0,1,500 ,092134078000501,092134078001000, 安徽财贸职业学院                                           
34078003,3  ,34078,0,1,500 ,092134078001001,092134078001500, 安徽财贸职业学院                                           
34078004,4  ,34078,0,1,497 ,092134078001501,092134078001997, 安徽财贸职业学院                                           
34079001,1  ,34079,0,1,500 ,092134079000001,092134079000500,合肥通用职业技术学院                                        
34079002,2  ,34079,0,1,500 ,092134079000501,092134079001000,合肥通用职业技术学院                                        
34079003,3  ,34079,0,1,455 ,092134079001001,092134079001455,合肥通用职业技术学院                                        
34080001,1  ,34080,0,1,500 ,092134080000001,092134080000500,安徽工业大学工商学院                                        
34080002,2  ,34080,0,1,127 ,092134080000501,092134080000627,安徽工业大学工商学院                                        
34081001,1  ,34081,0,1,500 ,092134081000001,092134081000500,亳州职业技术学院                                            
34081002,2  ,34081,0,1,500 ,092134081000501,092134081001000,亳州职业技术学院                                            
34081003,3  ,34081,0,1,39  ,092134081001001,092134081001039,亳州职业技术学院                                            
34082001,1  ,34082,0,1,500 ,092134082000001,092134082000500,六安职业技术学院                                            
34082002,2  ,34082,0,1,500 ,092134082000501,092134082001000,六安职业技术学院                                            
34082003,3  ,34082,0,1,500 ,092134082001001,092134082001500,六安职业技术学院                                            
34082004,4  ,34082,0,1,93  ,092134082001501,092134082001593,六安职业技术学院                                            
34083001,1  ,34083,0,1,500 ,092134083000001,092134083000500,巢湖职业技术学院                                            
34083002,2  ,34083,0,1,500 ,092134083000501,092134083001000,巢湖职业技术学院                                            
34083003,3  ,34083,0,1,375 ,092134083001001,092134083001375,巢湖职业技术学院                                            
34084001,1  ,34084,0,1,500 ,092134084000001,092134084000500,安徽邮电职业技术学院                                        
34084002,2  ,34084,0,1,93  ,092134084000501,092134084000593,安徽邮电职业技术学院                                        
34085001,1  ,34085,0,1,500 ,092134085000001,092134085000500,安徽大学江淮学院                                            
34085002,2  ,34085,0,1,500 ,092134085000501,092134085001000,安徽大学江淮学院                                            
34085003,3  ,34085,0,1,500 ,092134085001001,092134085001500,安徽大学江淮学院                                            
34085004,4  ,34085,1,1,500 ,092134085001501,092134085002000,安徽大学江淮学院                                            
34085005,5  ,34085,1,1,500 ,092134085002001,092134085002500,安徽大学江淮学院                                            
34085006,6  ,34085,1,1,83  ,092134085002501,092134085002583,安徽大学江淮学院                                            
34086001,1  ,34086,0,1,500 ,092134086000001,092134086000500,安徽国防科技职业学院                                        
34086002,2  ,34086,0,1,495 ,092134086000501,092134086000995,安徽国防科技职业学院                                        
34087001,1  ,34087,0,1,390 ,092134087000001,092134087000390,安徽公安职业学院                                            
34088001,1  ,34088,1,1,500 ,092134088000001,092134088000500,合肥滨湖职业技术学院                                        
34088002,2  ,34088,1,1,500 ,092134088000501,092134088001000,合肥滨湖职业技术学院                                        
34088003,3  ,34088,1,1,500 ,092134088001001,092134088001500,合肥滨湖职业技术学院                                        
34088004,4  ,34088,1,1,258 ,092134088001501,092134088001758,合肥滨湖职业技术学院                                        
34089001,1  ,34089,0,1,500 ,092134089000001,092134089000500,安徽工商职业学院                                            
34089002,2  ,34089,0,1,500 ,092134089000501,092134089001000,安徽工商职业学院                                            
34089003,3  ,34089,0,1,500 ,092134089001001,092134089001500,安徽工商职业学院                                            
34089004,4  ,34089,0,1,500 ,092134089001501,092134089002000,安徽工商职业学院                                            
34089005,5  ,34089,0,1,36  ,092134089002001,092134089002036,安徽工商职业学院                                            
34091001,1  ,34091,0,1,11  ,092134091000001,092134091000011,安庆师范学院                                                
34092001,1  ,34092,0,1,30  ,092134092000001,092134092000030,安徽工程科技学院                                            
34093001,1  ,34093,0,1,500 ,092134093000001,092134093000500,安庆医药高等专科学校                                        
34093002,2  ,34093,0,1,500 ,092134093000501,092134093001000,安庆医药高等专科学校                                        
34093003,3  ,34093,0,1,441 ,092134093001001,092134093001441,安庆医药高等专科学校                                        
34094001,1  ,34094,0,1,500 ,092134094000001,092134094000500,马鞍山职业技术学院                                          
34094002,2  ,34094,0,1,352 ,092134094000501,092134094000852,马鞍山职业技术学院                                          
34095001,1  ,34095,0,1,326 ,092134095000001,092134095000326,徽商职业学院                                                
34096001,1  ,34096,0,1,500 ,092134096000001,092134096000500,合肥财经职业学院                                            
34096002,2  ,34096,0,1,500 ,092134096000501,092134096001000,合肥财经职业学院                                            
34096003,3  ,34096,0,1,500 ,092134096001001,092134096001500,合肥财经职业学院                                            
34096004,4  ,34096,0,1,378 ,092134096001501,092134096001878,合肥财经职业学院                                            
34097001,1  ,34097,0,1,301 ,092134097000001,092134097000301,安徽旅游职业学院                                            
34098001,1  ,34098,0,1,500 ,092134098000001,092134098000500,河海大学文天学院                                            
34098002,2  ,34098,0,1,500 ,092134098000501,092134098001000,河海大学文天学院                                            
34098003,3  ,34098,0,1,121 ,092134098001001,092134098001121,河海大学文天学院                                            
34801001,1  ,34801,0,1,500 ,092134801000001,092134801000500,合肥共达职业技术学院                                        
34801002,2  ,34801,0,1,500 ,092134801000501,092134801001000,合肥共达职业技术学院                                        
34801003,3  ,34801,0,1,128 ,092134801001001,092134801001128,合肥共达职业技术学院                                        
