36001001,1  ,36001,1,1,500 ,092136001000001,092136001000500,南昌大学                                                    
36001002,2  ,36001,1,1,500 ,092136001000501,092136001001000,南昌大学                                                    
36001003,3  ,36001,2,1,500 ,092136001001001,092136001001500,南昌大学                                                    
36001004,4  ,36001,2,1,500 ,092136001001501,092136001002000,南昌大学                                                    
36001005,5  ,36001,2,1,500 ,092136001002001,092136001002500,南昌大学                                                    
36001006,6  ,36001,2,1,500 ,092136001002501,092136001003000,南昌大学                                                    
36001007,7  ,36001,2,1,500 ,092136001003001,092136001003500,南昌大学                                                    
36001008,8  ,36001,2,1,500 ,092136001003501,092136001004000,南昌大学                                                    
36001009,9  ,36001,2,1,500 ,092136001004001,092136001004500,南昌大学                                                    
36001010,10 ,36001,2,1,500 ,092136001004501,092136001005000,南昌大学                                                    
36001011,11 ,36001,2,1,500 ,092136001005001,092136001005500,南昌大学                                                    
36001012,12 ,36001,2,1,500 ,092136001005501,092136001006000,南昌大学                                                    
36001013,13 ,36001,2,1,500 ,092136001006001,092136001006500,南昌大学                                                    
36001014,14 ,36001,2,1,500 ,092136001006501,092136001007000,南昌大学                                                    
36001015,15 ,36001,2,1,500 ,092136001007001,092136001007500,南昌大学                                                    
36001016,16 ,36001,2,1,500 ,092136001007501,092136001008000,南昌大学                                                    
36001017,17 ,36001,2,1,500 ,092136001008001,092136001008500,南昌大学                                                    
36001018,18 ,36001,2,1,500 ,092136001008501,092136001009000,南昌大学                                                    
36001019,19 ,36001,3,1,500 ,092136001009001,092136001009500,南昌大学                                                    
36001020,20 ,36001,3,1,500 ,092136001009501,092136001010000,南昌大学                                                    
36001021,21 ,36001,3,1,500 ,092136001010001,092136001010500,南昌大学                                                    
36001022,22 ,36001,3,1,500 ,092136001010501,092136001011000,南昌大学                                                    
36001023,23 ,36001,3,1,500 ,092136001011001,092136001011500,南昌大学                                                    
36001024,24 ,36001,3,1,216 ,092136001011501,092136001011716,南昌大学                                                    
36002001,1  ,36002,0,1,500 ,092136002000001,092136002000500,江西师范大学                                                
36002002,2  ,36002,1,1,500 ,092136002000501,092136002001000,江西师范大学                                                
36002003,3  ,36002,1,1,500 ,092136002001001,092136002001500,江西师范大学                                                
36002004,4  ,36002,1,1,500 ,092136002001501,092136002002000,江西师范大学                                                
36002005,5  ,36002,1,1,500 ,092136002002001,092136002002500,江西师范大学                                                
36002006,6  ,36002,1,1,500 ,092136002002501,092136002003000,江西师范大学                                                
36002007,7  ,36002,1,1,500 ,092136002003001,092136002003500,江西师范大学                                                
36002008,8  ,36002,1,1,500 ,092136002003501,092136002004000,江西师范大学                                                
36002009,9  ,36002,1,1,500 ,092136002004001,092136002004500,江西师范大学                                                
36002010,10 ,36002,1,1,500 ,092136002004501,092136002005000,江西师范大学                                                
36002011,11 ,36002,1,1,500 ,092136002005001,092136002005500,江西师范大学                                                
36002012,12 ,36002,1,1,58  ,092136002005501,092136002005558,江西师范大学                                                
36003001,1  ,36003,1,1,500 ,092136003000001,092136003000500,江西财经大学                                                
36003002,2  ,36003,1,1,500 ,092136003000501,092136003001000,江西财经大学                                                
36003003,3  ,36003,1,1,500 ,092136003001001,092136003001500,江西财经大学                                                
36003004,4  ,36003,1,1,500 ,092136003001501,092136003002000,江西财经大学                                                
36003005,5  ,36003,1,1,500 ,092136003002001,092136003002500,江西财经大学                                                
36003006,6  ,36003,1,1,500 ,092136003002501,092136003003000,江西财经大学                                                
36003007,7  ,36003,2,1,500 ,092136003003001,092136003003500,江西财经大学                                                
36003008,8  ,36003,2,1,500 ,092136003003501,092136003004000,江西财经大学                                                
36003009,9  ,36003,3,1,500 ,092136003004001,092136003004500,江西财经大学                                                
36003010,10 ,36003,3,1,500 ,092136003004501,092136003005000,江西财经大学                                                
36003011,11 ,36003,3,1,500 ,092136003005001,092136003005500,江西财经大学                                                
36003012,12 ,36003,3,1,500 ,092136003005501,092136003006000,江西财经大学                                                
36003013,13 ,36003,3,1,500 ,092136003006001,092136003006500,江西财经大学                                                
36003014,14 ,36003,3,1,500 ,092136003006501,092136003007000,江西财经大学                                                
36003015,15 ,36003,3,1,500 ,092136003007001,092136003007500,江西财经大学                                                
36003016,16 ,36003,3,1,500 ,092136003007501,092136003008000,江西财经大学                                                
36003017,17 ,36003,4,1,500 ,092136003008001,092136003008500,江西财经大学                                                
36003018,18 ,36003,4,1,500 ,092136003008501,092136003009000,江西财经大学                                                
36003019,19 ,36003,4,1,500 ,092136003009001,092136003009500,江西财经大学                                                
36003020,20 ,36003,5,1,500 ,092136003009501,092136003010000,江西财经大学                                                
36003021,21 ,36003,5,1,500 ,092136003010001,092136003010500,江西财经大学                                                
36003022,22 ,36003,6,1,296 ,092136003010501,092136003010796,江西财经大学                                                
36004001,1  ,36004,0,1,500 ,092136004000001,092136004000500,华东交通大学                                                
36004002,2  ,36004,0,1,500 ,092136004000501,092136004001000,华东交通大学                                                
36004003,3  ,36004,0,1,500 ,092136004001001,092136004001500,华东交通大学                                                
36004004,4  ,36004,0,1,500 ,092136004001501,092136004002000,华东交通大学                                                
36004005,5  ,36004,0,1,500 ,092136004002001,092136004002500,华东交通大学                                                
36004006,6  ,36004,0,1,500 ,092136004002501,092136004003000,华东交通大学                                                
36004007,7  ,36004,0,1,500 ,092136004003001,092136004003500,华东交通大学                                                
36004008,8  ,36004,0,1,500 ,092136004003501,092136004004000,华东交通大学                                                
36004009,9  ,36004,0,1,304 ,092136004004001,092136004004304,华东交通大学                                                
36005001,1  ,36005,1,1,500 ,092136005000001,092136005000500,江西农业大学                                                
36005002,2  ,36005,1,1,500 ,092136005000501,092136005001000,江西农业大学                                                
36005003,3  ,36005,1,1,500 ,092136005001001,092136005001500,江西农业大学                                                
36005004,4  ,36005,1,1,500 ,092136005001501,092136005002000,江西农业大学                                                
36005005,5  ,36005,1,1,500 ,092136005002001,092136005002500,江西农业大学                                                
36005006,6  ,36005,1,1,500 ,092136005002501,092136005003000,江西农业大学                                                
36005007,7  ,36005,1,1,500 ,092136005003001,092136005003500,江西农业大学                                                
36005008,8  ,36005,1,1,500 ,092136005003501,092136005004000,江西农业大学                                                
36005009,9  ,36005,1,1,500 ,092136005004001,092136005004500,江西农业大学                                                
36005010,10 ,36005,1,1,500 ,092136005004501,092136005005000,江西农业大学                                                
36005011,11 ,36005,1,1,500 ,092136005005001,092136005005500,江西农业大学                                                
36005012,12 ,36005,1,1,500 ,092136005005501,092136005006000,江西农业大学                                                
36005013,13 ,36005,1,1,500 ,092136005006001,092136005006500,江西农业大学                                                
36005014,14 ,36005,1,1,128 ,092136005006501,092136005006628,江西农业大学                                                
36006001,1  ,36006,1,1,500 ,092136006000001,092136006000500,南昌航空大学                                                
36006002,2  ,36006,1,1,500 ,092136006000501,092136006001000,南昌航空大学                                                
36006003,3  ,36006,1,1,500 ,092136006001001,092136006001500,南昌航空大学                                                
36006004,4  ,36006,1,1,500 ,092136006001501,092136006002000,南昌航空大学                                                
36006005,5  ,36006,1,1,500 ,092136006002001,092136006002500,南昌航空大学                                                
36006006,6  ,36006,1,1,500 ,092136006002501,092136006003000,南昌航空大学                                                
36006007,7  ,36006,1,1,500 ,092136006003001,092136006003500,南昌航空大学                                                
36006008,8  ,36006,1,1,500 ,092136006003501,092136006004000,南昌航空大学                                                
36006009,9  ,36006,1,1,500 ,092136006004001,092136006004500,南昌航空大学                                                
36006010,10 ,36006,1,1,500 ,092136006004501,092136006005000,南昌航空大学                                                
36006011,11 ,36006,1,1,500 ,092136006005001,092136006005500,南昌航空大学                                                
36006012,12 ,36006,1,1,500 ,092136006005501,092136006006000,南昌航空大学                                                
36006013,13 ,36006,2,1,500 ,092136006006001,092136006006500,南昌航空大学                                                
36006014,14 ,36006,2,1,500 ,092136006006501,092136006007000,南昌航空大学                                                
36006015,15 ,36006,2,1,500 ,092136006007001,092136006007500,南昌航空大学                                                
36006016,16 ,36006,2,1,500 ,092136006007501,092136006008000,南昌航空大学                                                
36006017,17 ,36006,2,1,500 ,092136006008001,092136006008500,南昌航空大学                                                
36006018,18 ,36006,2,1,500 ,092136006008501,092136006009000,南昌航空大学                                                
36006019,19 ,36006,2,1,37  ,092136006009001,092136006009037,南昌航空大学                                                
36007001,1  ,36007,2,1,500 ,092136007000001,092136007000500,南昌大学医学院                                              
36007002,2  ,36007,2,1,500 ,092136007000501,092136007001000,南昌大学医学院                                              
36007003,3  ,36007,2,1,500 ,092136007001001,092136007001500,南昌大学医学院                                              
36007004,4  ,36007,2,1,303 ,092136007001501,092136007001803,南昌大学医学院                                              
36008001,1  ,36008,0,1,500 ,092136008000001,092136008000500,江西中医学院                                                
36008002,2  ,36008,0,1,500 ,092136008000501,092136008001000,江西中医学院                                                
36008003,3  ,36008,0,1,500 ,092136008001001,092136008001500,江西中医学院                                                
36008004,4  ,36008,0,1,500 ,092136008001501,092136008002000,江西中医学院                                                
36008005,5  ,36008,0,1,500 ,092136008002001,092136008002500,江西中医学院                                                
36008006,6  ,36008,0,1,500 ,092136008002501,092136008003000,江西中医学院                                                
36008007,7  ,36008,1,1,500 ,092136008003001,092136008003500,江西中医学院                                                
36008008,8  ,36008,1,1,121 ,092136008003501,092136008003621,江西中医学院                                                
36009001,1  ,36009,0,1,500 ,092136009000001,092136009000500,南昌工程学院                                                
36009002,2  ,36009,0,1,500 ,092136009000501,092136009001000,南昌工程学院                                                
36009003,3  ,36009,0,1,500 ,092136009001001,092136009001500,南昌工程学院                                                
36009004,4  ,36009,0,1,500 ,092136009001501,092136009002000,南昌工程学院                                                
36009005,5  ,36009,0,1,500 ,092136009002001,092136009002500,南昌工程学院                                                
36009006,6  ,36009,0,1,500 ,092136009002501,092136009003000,南昌工程学院                                                
36009007,7  ,36009,0,1,500 ,092136009003001,092136009003500,南昌工程学院                                                
36009008,8  ,36009,0,1,500 ,092136009003501,092136009004000,南昌工程学院                                                
36009009,9  ,36009,0,1,500 ,092136009004001,092136009004500,南昌工程学院                                                
36009010,10 ,36009,0,1,500 ,092136009004501,092136009005000,南昌工程学院                                                
36009011,11 ,36009,0,1,141 ,092136009005001,092136009005141,南昌工程学院                                                
36010001,1  ,36010,0,1,98  ,092136010000001,092136010000098,南昌陆军学院                                                
36011001,1  ,36011,1,1,500 ,092136011000001,092136011000500,江西科技师范学院                                            
36011002,2  ,36011,1,1,500 ,092136011000501,092136011001000,江西科技师范学院                                            
36011003,3  ,36011,1,1,500 ,092136011001001,092136011001500,江西科技师范学院                                            
36011004,4  ,36011,1,1,500 ,092136011001501,092136011002000,江西科技师范学院                                            
36011005,5  ,36011,2,1,500 ,092136011002001,092136011002500,江西科技师范学院                                            
36011006,6  ,36011,3,1,500 ,092136011002501,092136011003000,江西科技师范学院                                            
36011007,7  ,36011,3,1,500 ,092136011003001,092136011003500,江西科技师范学院                                            
36011008,8  ,36011,3,1,500 ,092136011003501,092136011004000,江西科技师范学院                                            
36011009,9  ,36011,3,1,500 ,092136011004001,092136011004500,江西科技师范学院                                            
36011010,10 ,36011,3,1,500 ,092136011004501,092136011005000,江西科技师范学院                                            
36011011,11 ,36011,3,1,90  ,092136011005001,092136011005090,江西科技师范学院                                            
36012001,1  ,36012,1,1,500 ,092136012000001,092136012000500,江西经济管理干部学院                                        
36012002,2  ,36012,1,1,500 ,092136012000501,092136012001000,江西经济管理干部学院                                        
36012003,3  ,36012,1,1,500 ,092136012001001,092136012001500,江西经济管理干部学院                                        
36012004,4  ,36012,2,1,499 ,092136012001501,092136012001999,江西经济管理干部学院                                        
36013001,1  ,36013,0,1,500 ,092136013000001,092136013000500,江西行政管理干部学院                                        
36013002,2  ,36013,0,1,262 ,092136013000501,092136013000762,江西行政管理干部学院                                        
36014001,1  ,36014,0,1,500 ,092136014000001,092136014000500,江西工程职业学院                                            
36014002,2  ,36014,0,1,500 ,092136014000501,092136014001000,江西工程职业学院                                            
36014003,3  ,36014,0,1,260 ,092136014001001,092136014001260,江西工程职业学院                                            
36015001,1  ,36015,0,1,500 ,092136015000001,092136015000500,江西教育学院                                                
36015002,2  ,36015,0,1,500 ,092136015000501,092136015001000,江西教育学院                                                
36015003,3  ,36015,0,1,57  ,092136015001001,092136015001057,江西教育学院                                                
36016001,1  ,36016,0,1,500 ,092136016000001,092136016000500,江西航空职业技术学院                                        
36016002,2  ,36016,0,1,28  ,092136016000501,092136016000528,江西航空职业技术学院                                        
36017001,1  ,36017,0,1,500 ,092136017000001,092136017000500,江西公安专科学校                                            
36017002,2  ,36017,0,1,289 ,092136017000501,092136017000789,江西公安专科学校                                            
36018001,1  ,36018,0,1,500 ,092136018000001,092136018000500,南昌师范高等专科学校                                        
36018002,2  ,36018,0,1,500 ,092136018000501,092136018001000,南昌师范高等专科学校                                        
36018003,3  ,36018,0,1,229 ,092136018001001,092136018001229,南昌师范高等专科学校                                        
36019001,1  ,36019,0,1,500 ,092136019000001,092136019000500,江西外语外贸职业学院                                        
36019002,2  ,36019,0,1,500 ,092136019000501,092136019001000,江西外语外贸职业学院                                        
36019003,3  ,36019,0,1,500 ,092136019001001,092136019001500,江西外语外贸职业学院                                        
36019004,4  ,36019,0,1,500 ,092136019001501,092136019002000,江西外语外贸职业学院                                        
36019005,5  ,36019,0,1,256 ,092136019002001,092136019002256,江西外语外贸职业学院                                        
36020001,1  ,36020,1,1,500 ,092136020000001,092136020000500,江西蓝天学院                                                
36020002,2  ,36020,1,1,500 ,092136020000501,092136020001000,江西蓝天学院                                                
36020003,3  ,36020,1,1,500 ,092136020001001,092136020001500,江西蓝天学院                                                
36020004,4  ,36020,1,1,500 ,092136020001501,092136020002000,江西蓝天学院                                                
36020005,5  ,36020,1,1,500 ,092136020002001,092136020002500,江西蓝天学院                                                
36020006,6  ,36020,1,1,500 ,092136020002501,092136020003000,江西蓝天学院                                                
36020007,7  ,36020,1,1,500 ,092136020003001,092136020003500,江西蓝天学院                                                
36020008,8  ,36020,1,1,500 ,092136020003501,092136020004000,江西蓝天学院                                                
36020009,9  ,36020,1,1,500 ,092136020004001,092136020004500,江西蓝天学院                                                
36020010,10 ,36020,1,1,500 ,092136020004501,092136020005000,江西蓝天学院                                                
36020011,11 ,36020,1,1,500 ,092136020005001,092136020005500,江西蓝天学院                                                
36020012,12 ,36020,1,1,500 ,092136020005501,092136020006000,江西蓝天学院                                                
36020013,13 ,36020,1,1,500 ,092136020006001,092136020006500,江西蓝天学院                                                
36020014,14 ,36020,2,1,500 ,092136020006501,092136020007000,江西蓝天学院                                                
36020015,15 ,36020,2,1,500 ,092136020007001,092136020007500,江西蓝天学院                                                
36020016,16 ,36020,2,1,500 ,092136020007501,092136020008000,江西蓝天学院                                                
36020017,17 ,36020,2,1,500 ,092136020008001,092136020008500,江西蓝天学院                                                
36020018,18 ,36020,2,1,500 ,092136020008501,092136020009000,江西蓝天学院                                                
36020019,19 ,36020,2,1,500 ,092136020009001,092136020009500,江西蓝天学院                                                
36020020,20 ,36020,2,1,500 ,092136020009501,092136020010000,江西蓝天学院                                                
36020021,21 ,36020,2,1,177 ,092136020010001,092136020010177,江西蓝天学院                                                
36021001,1  ,36021,1,1,500 ,092136021000001,092136021000500,南昌理工学院                                                
36021002,2  ,36021,2,1,500 ,092136021000501,092136021001000,南昌理工学院                                                
36021003,3  ,36021,2,1,500 ,092136021001001,092136021001500,南昌理工学院                                                
36021004,4  ,36021,2,1,500 ,092136021001501,092136021002000,南昌理工学院                                                
36021005,5  ,36021,2,1,500 ,092136021002001,092136021002500,南昌理工学院                                                
36021006,6  ,36021,2,1,500 ,092136021002501,092136021003000,南昌理工学院                                                
36021007,7  ,36021,3,1,500 ,092136021003001,092136021003500,南昌理工学院                                                
36021008,8  ,36021,3,1,500 ,092136021003501,092136021004000,南昌理工学院                                                
36021009,9  ,36021,3,1,257 ,092136021004001,092136021004257,南昌理工学院                                                
36022001,1  ,36022,0,1,500 ,092136022000001,092136022000500,江西城市职业学院                                            
36022002,2  ,36022,0,1,500 ,092136022000501,092136022001000,江西城市职业学院                                            
36022003,3  ,36022,0,1,500 ,092136022001001,092136022001500,江西城市职业学院                                            
36022004,4  ,36022,0,1,500 ,092136022001501,092136022002000,江西城市职业学院                                            
36022005,5  ,36022,0,1,500 ,092136022002001,092136022002500,江西城市职业学院                                            
36022006,6  ,36022,0,1,500 ,092136022002501,092136022003000,江西城市职业学院                                            
36022007,7  ,36022,0,1,500 ,092136022003001,092136022003500,江西城市职业学院                                            
36022008,8  ,36022,0,1,231 ,092136022003501,092136022003731,江西城市职业学院                                            
36023001,1  ,36023,0,1,500 ,092136023000001,092136023000500,江西服装职业技术学院                                        
36023002,2  ,36023,0,1,500 ,092136023000501,092136023001000,江西服装职业技术学院                                        
36023003,3  ,36023,0,1,500 ,092136023001001,092136023001500,江西服装职业技术学院                                        
36023004,4  ,36023,0,1,430 ,092136023001501,092136023001930,江西服装职业技术学院                                        
36024001,1  ,36024,1,1,500 ,092136024000001,092136024000500,江西大宇职业技术学院                                        
36024002,2  ,36024,1,1,500 ,092136024000501,092136024001000,江西大宇职业技术学院                                        
36024003,3  ,36024,1,1,500 ,092136024001001,092136024001500,江西大宇职业技术学院                                        
36024004,4  ,36024,1,1,500 ,092136024001501,092136024002000,江西大宇职业技术学院                                        
36024005,5  ,36024,2,1,500 ,092136024002001,092136024002500,江西大宇职业技术学院                                        
36024006,6  ,36024,2,1,496 ,092136024002501,092136024002996,江西大宇职业技术学院                                        
36025001,1  ,36025,0,1,500 ,092136025000001,092136025000500,江西现代职业技术学院                                        
36025002,2  ,36025,0,1,500 ,092136025000501,092136025001000,江西现代职业技术学院                                        
36025003,3  ,36025,0,1,314 ,092136025001001,092136025001314,江西现代职业技术学院                                        
36026001,1  ,36026,1,1,500 ,092136026000001,092136026000500,江西工业职业技术学院                                        
36026002,2  ,36026,2,1,500 ,092136026000501,092136026001000,江西工业职业技术学院                                        
36026003,3  ,36026,2,1,500 ,092136026001001,092136026001500,江西工业职业技术学院                                        
36026004,4  ,36026,2,1,490 ,092136026001501,092136026001990,江西工业职业技术学院                                        
36027001,1  ,36027,0,1,500 ,092136027000001,092136027000500,江西制造职业技术学院                                        
36027002,2  ,36027,0,1,118 ,092136027000501,092136027000618,江西制造职业技术学院                                        
36028001,1  ,36028,0,1,500 ,092136028000001,092136028000500,江西信息应用职业技术学院                                    
36028002,2  ,36028,0,1,236 ,092136028000501,092136028000736,江西信息应用职业技术学院                                    
36029001,1  ,36029,0,1,500 ,092136029000001,092136029000500,江西交通职业技术学院                                        
36029002,2  ,36029,0,1,169 ,092136029000501,092136029000669,江西交通职业技术学院                                        
36030001,1  ,36030,0,1,500 ,092136030000001,092136030000500,江西司法警官职业学院                                        
36030002,2  ,36030,0,1,500 ,092136030000501,092136030001000,江西司法警官职业学院                                        
36030003,3  ,36030,0,1,170 ,092136030001001,092136030001170,江西司法警官职业学院                                        
36031001,1  ,36031,0,1,500 ,092136031000001,092136031000500,江西电力职业技术学院                                        
36031002,2  ,36031,0,1,500 ,092136031000501,092136031001000,江西电力职业技术学院                                        
36031003,3  ,36031,0,1,500 ,092136031001001,092136031001500,江西电力职业技术学院                                        
36031004,4  ,36031,0,1,500 ,092136031001501,092136031002000,江西电力职业技术学院                                        
36031005,5  ,36031,0,1,112 ,092136031002001,092136031002112,江西电力职业技术学院                                        
36032001,1  ,36032,0,1,500 ,092136032000001,092136032000500,江西科技职业学院                                            
36032002,2  ,36032,0,1,500 ,092136032000501,092136032001000,江西科技职业学院                                            
36032003,3  ,36032,0,1,273 ,092136032001001,092136032001273,江西科技职业学院                                            
36033001,1  ,36033,0,1,500 ,092136033000001,092136033000500,江西旅游商贸职业学院                                        
36033002,2  ,36033,0,1,500 ,092136033000501,092136033001000,江西旅游商贸职业学院                                        
36033003,3  ,36033,0,1,500 ,092136033001001,092136033001500,江西旅游商贸职业学院                                        
36033004,4  ,36033,0,1,500 ,092136033001501,092136033002000,江西旅游商贸职业学院                                        
36033005,5  ,36033,0,1,500 ,092136033002001,092136033002500,江西旅游商贸职业学院                                        
36033006,6  ,36033,0,1,500 ,092136033002501,092136033003000,江西旅游商贸职业学院                                        
36033007,7  ,36033,0,1,500 ,092136033003001,092136033003500,江西旅游商贸职业学院                                        
36033008,8  ,36033,0,1,31  ,092136033003501,092136033003531,江西旅游商贸职业学院                                        
36034001,1  ,36034,0,1,433 ,092136034000001,092136034000433,江西生物科技职业学院                                        
36035001,1  ,36035,0,1,500 ,092136035000001,092136035000500,江西青年职业学院                                            
36035002,2  ,36035,0,1,282 ,092136035000501,092136035000782,江西青年职业学院                                            
36036001,1  ,36036,0,1,500 ,092136036000001,092136036000500,江西工业贸易职业技术学院                                    
36036002,2  ,36036,0,1,223 ,092136036000501,092136036000723,江西工业贸易职业技术学院                                    
36037001,1  ,36037,0,1,500 ,092136037000001,092136037000500,江西师范大学科学技术学院                                    
36037002,2  ,36037,0,1,500 ,092136037000501,092136037001000,江西师范大学科学技术学院                                    
36037003,3  ,36037,0,1,374 ,092136037001001,092136037001374,江西师范大学科学技术学院                                    
36038001,1  ,36038,0,1,500 ,092136038000001,092136038000500,东华理工大学（南昌）                                        
36038002,2  ,36038,0,1,500 ,092136038000501,092136038001000,东华理工大学（南昌）                                        
36038003,3  ,36038,0,1,500 ,092136038001001,092136038001500,东华理工大学（南昌）                                        
36038004,4  ,36038,0,1,500 ,092136038001501,092136038002000,东华理工大学（南昌）                                        
36038005,5  ,36038,0,1,500 ,092136038002001,092136038002500,东华理工大学（南昌）                                        
36038006,6  ,36038,0,1,500 ,092136038002501,092136038003000,东华理工大学（南昌）                                        
36038007,7  ,36038,0,1,500 ,092136038003001,092136038003500,东华理工大学（南昌）                                        
36038008,8  ,36038,0,1,77  ,092136038003501,092136038003577,东华理工大学（南昌）                                        
36039001,1  ,36039,0,1,500 ,092136039000001,092136039000500,江西中医学院科技学院                                        
36039002,2  ,36039,0,1,500 ,092136039000501,092136039001000,江西中医学院科技学院                                        
36039003,3  ,36039,0,1,500 ,092136039001001,092136039001500,江西中医学院科技学院                                        
36039004,4  ,36039,0,1,500 ,092136039001501,092136039002000,江西中医学院科技学院                                        
36039005,5  ,36039,0,1,169 ,092136039002001,092136039002169,江西中医学院科技学院                                        
36040001,1  ,36040,0,1,500 ,092136040000001,092136040000500,江西赣江职业技术学院                                        
36040002,2  ,36040,0,1,500 ,092136040000501,092136040001000,江西赣江职业技术学院                                        
36040003,3  ,36040,0,1,500 ,092136040001001,092136040001500,江西赣江职业技术学院                                        
36040004,4  ,36040,0,1,500 ,092136040001501,092136040002000,江西赣江职业技术学院                                        
36040005,5  ,36040,0,1,500 ,092136040002001,092136040002500,江西赣江职业技术学院                                        
36040006,6  ,36040,0,1,500 ,092136040002501,092136040003000,江西赣江职业技术学院                                        
36040007,7  ,36040,0,1,500 ,092136040003001,092136040003500,江西赣江职业技术学院                                        
36040008,8  ,36040,0,1,54  ,092136040003501,092136040003554,江西赣江职业技术学院                                        
36041001,1  ,36041,0,1,500 ,092136041000001,092136041000500,华东交通大学理工学院                                        
36041002,2  ,36041,0,1,500 ,092136041000501,092136041001000,华东交通大学理工学院                                        
36041003,3  ,36041,0,1,500 ,092136041001001,092136041001500,华东交通大学理工学院                                        
36041004,4  ,36041,0,1,500 ,092136041001501,092136041002000,华东交通大学理工学院                                        
36041005,5  ,36041,0,1,500 ,092136041002001,092136041002500,华东交通大学理工学院                                        
36041006,6  ,36041,0,1,500 ,092136041002501,092136041003000,华东交通大学理工学院                                        
36041007,7  ,36041,0,1,131 ,092136041003001,092136041003131,华东交通大学理工学院                                        
36042001,1  ,36042,0,1,383 ,092136042000001,092136042000383,南昌教育学院                                                
36045001,1  ,36045,0,1,500 ,092136045000001,092136045000500,江西理工大学南昌校区                                        
36045002,2  ,36045,0,1,500 ,092136045000501,092136045001000,江西理工大学南昌校区                                        
36045003,3  ,36045,0,1,304 ,092136045001001,092136045001304,江西理工大学南昌校区                                        
36046001,1  ,36046,0,1,500 ,092136046000001,092136046000500,江西省直属考点                                              
36046002,2  ,36046,0,1,500 ,092136046000501,092136046001000,江西省直属考点                                              
36046003,3  ,36046,0,1,500 ,092136046001001,092136046001500,江西省直属考点                                              
36046004,4  ,36046,1,1,500 ,092136046001501,092136046002000,江西省直属考点                                              
36046005,5  ,36046,1,1,500 ,092136046002001,092136046002500,江西省直属考点                                              
36046006,6  ,36046,1,1,500 ,092136046002501,092136046003000,江西省直属考点                                              
36046007,7  ,36046,1,1,500 ,092136046003001,092136046003500,江西省直属考点                                              
36046008,8  ,36046,1,1,99  ,092136046003501,092136046003599,江西省直属考点                                              
36048001,1  ,36048,1,1,500 ,092136048000001,092136048000500,九江学院                                                    
36048002,2  ,36048,1,1,500 ,092136048000501,092136048001000,九江学院                                                    
36048003,3  ,36048,1,1,500 ,092136048001001,092136048001500,九江学院                                                    
36048004,4  ,36048,1,1,500 ,092136048001501,092136048002000,九江学院                                                    
36048005,5  ,36048,1,1,500 ,092136048002001,092136048002500,九江学院                                                    
36048006,6  ,36048,1,1,500 ,092136048002501,092136048003000,九江学院                                                    
36048007,7  ,36048,1,1,500 ,092136048003001,092136048003500,九江学院                                                    
36048008,8  ,36048,1,1,500 ,092136048003501,092136048004000,九江学院                                                    
36048009,9  ,36048,1,1,500 ,092136048004001,092136048004500,九江学院                                                    
36048010,10 ,36048,1,1,500 ,092136048004501,092136048005000,九江学院                                                    
36048011,11 ,36048,1,1,500 ,092136048005001,092136048005500,九江学院                                                    
36048012,12 ,36048,1,1,500 ,092136048005501,092136048006000,九江学院                                                    
36048013,13 ,36048,1,1,500 ,092136048006001,092136048006500,九江学院                                                    
36048014,14 ,36048,1,1,500 ,092136048006501,092136048007000,九江学院                                                    
36048015,15 ,36048,1,1,500 ,092136048007001,092136048007500,九江学院                                                    
36048016,16 ,36048,1,1,500 ,092136048007501,092136048008000,九江学院                                                    
36048017,17 ,36048,1,1,500 ,092136048008001,092136048008500,九江学院                                                    
36048018,18 ,36048,1,1,500 ,092136048008501,092136048009000,九江学院                                                    
36048019,19 ,36048,1,1,500 ,092136048009001,092136048009500,九江学院                                                    
36048020,20 ,36048,2,1,500 ,092136048009501,092136048010000,九江学院                                                    
36048021,21 ,36048,2,1,500 ,092136048010001,092136048010500,九江学院                                                    
36048022,22 ,36048,3,1,500 ,092136048010501,092136048011000,九江学院                                                    
36048023,23 ,36048,3,1,500 ,092136048011001,092136048011500,九江学院                                                    
36048024,24 ,36048,3,1,500 ,092136048011501,092136048012000,九江学院                                                    
36048025,25 ,36048,3,1,39  ,092136048012001,092136048012039,九江学院                                                    
36049001,1  ,36049,0,1,500 ,092136049000001,092136049000500,九江职业技术学院                                            
36049002,2  ,36049,0,1,500 ,092136049000501,092136049001000,九江职业技术学院                                            
36049003,3  ,36049,0,1,500 ,092136049001001,092136049001500,九江职业技术学院                                            
36049004,4  ,36049,0,1,500 ,092136049001501,092136049002000,九江职业技术学院                                            
36049005,5  ,36049,0,1,401 ,092136049002001,092136049002401,九江职业技术学院                                            
36050001,1  ,36050,1,1,500 ,092136050000001,092136050000500,赣南师范学院科技学院                                        
36050002,2  ,36050,1,1,411 ,092136050000501,092136050000911,赣南师范学院科技学院                                        
36051001,1  ,36051,0,1,500 ,092136051000001,092136051000500,江西财经职业学院                                            
36051002,2  ,36051,0,1,500 ,092136051000501,092136051001000,江西财经职业学院                                            
36051003,3  ,36051,0,1,500 ,092136051001001,092136051001500,江西财经职业学院                                            
36051004,4  ,36051,0,1,500 ,092136051001501,092136051002000,江西财经职业学院                                            
36051005,5  ,36051,0,1,500 ,092136051002001,092136051002500,江西财经职业学院                                            
36051006,6  ,36051,0,1,500 ,092136051002501,092136051003000,江西财经职业学院                                            
36051007,7  ,36051,0,1,471 ,092136051003001,092136051003471,江西财经职业学院                                            
36052001,1  ,36052,0,1,500 ,092136052000001,092136052000500,九江职业大学                                                
36052002,2  ,36052,0,1,500 ,092136052000501,092136052001000,九江职业大学                                                
36052003,3  ,36052,0,1,436 ,092136052001001,092136052001436,九江职业大学                                                
36054001,1  ,36054,0,1,500 ,092136054000001,092136054000500,上饶师范学院                                                
36054002,2  ,36054,0,1,500 ,092136054000501,092136054001000,上饶师范学院                                                
36054003,3  ,36054,0,1,500 ,092136054001001,092136054001500,上饶师范学院                                                
36054004,4  ,36054,0,1,500 ,092136054001501,092136054002000,上饶师范学院                                                
36054005,5  ,36054,0,1,500 ,092136054002001,092136054002500,上饶师范学院                                                
36054006,6  ,36054,0,1,500 ,092136054002501,092136054003000,上饶师范学院                                                
36054007,7  ,36054,0,1,500 ,092136054003001,092136054003500,上饶师范学院                                                
36054008,8  ,36054,0,1,500 ,092136054003501,092136054004000,上饶师范学院                                                
36054009,9  ,36054,0,1,386 ,092136054004001,092136054004386,上饶师范学院                                                
36055001,1  ,36055,0,1,500 ,092136055000001,092136055000500,江西医学院上饶分院                                          
36055002,2  ,36055,0,1,260 ,092136055000501,092136055000760,江西医学院上饶分院                                          
36056001,1  ,36056,0,1,500 ,092136056000001,092136056000500,江西科技师范学院理工学院                                    
36056002,2  ,36056,0,1,146 ,092136056000501,092136056000646,江西科技师范学院理工学院                                    
36057001,1  ,36057,0,1,500 ,092136057000001,092136057000500,东华理工大学                                                
36057002,2  ,36057,0,1,500 ,092136057000501,092136057001000,东华理工大学                                                
36057003,3  ,36057,0,1,500 ,092136057001001,092136057001500,东华理工大学                                                
36057004,4  ,36057,0,1,500 ,092136057001501,092136057002000,东华理工大学                                                
36057005,5  ,36057,0,1,500 ,092136057002001,092136057002500,东华理工大学                                                
36057006,6  ,36057,0,1,500 ,092136057002501,092136057003000,东华理工大学                                                
36057007,7  ,36057,0,1,500 ,092136057003001,092136057003500,东华理工大学                                                
36057008,8  ,36057,0,1,500 ,092136057003501,092136057004000,东华理工大学                                                
36057009,9  ,36057,0,1,500 ,092136057004001,092136057004500,东华理工大学                                                
36057010,10 ,36057,0,1,500 ,092136057004501,092136057005000,东华理工大学                                                
36057011,11 ,36057,0,1,155 ,092136057005001,092136057005155,东华理工大学                                                
36058001,1  ,36058,1,1,500 ,092136058000001,092136058000500,南昌大学抚州医学分院                                        
36058002,2  ,36058,1,1,500 ,092136058000501,092136058001000,南昌大学抚州医学分院                                        
36058003,3  ,36058,1,1,500 ,092136058001001,092136058001500,南昌大学抚州医学分院                                        
36058004,4  ,36058,1,1,194 ,092136058001501,092136058001694,南昌大学抚州医学分院                                        
36059001,1  ,36059,1,1,500 ,092136059000001,092136059000500,江西先锋软件职业技术学院                                    
36059002,2  ,36059,1,1,500 ,092136059000501,092136059001000,江西先锋软件职业技术学院                                    
36059003,3  ,36059,1,1,224 ,092136059001001,092136059001224,江西先锋软件职业技术学院                                    
36060001,1  ,36060,0,1,500 ,092136060000001,092136060000500,宜春学院                                                    
36060002,2  ,36060,0,1,500 ,092136060000501,092136060001000,宜春学院                                                    
36060003,3  ,36060,0,1,500 ,092136060001001,092136060001500,宜春学院                                                    
36060004,4  ,36060,0,1,500 ,092136060001501,092136060002000,宜春学院                                                    
36060005,5  ,36060,0,1,500 ,092136060002001,092136060002500,宜春学院                                                    
36060006,6  ,36060,0,1,500 ,092136060002501,092136060003000,宜春学院                                                    
36060007,7  ,36060,1,1,500 ,092136060003001,092136060003500,宜春学院                                                    
36060008,8  ,36060,1,1,254 ,092136060003501,092136060003754,宜春学院                                                    
36061001,1  ,36061,0,1,500 ,092136061000001,092136061000500,宜春职业技术学院                                            
36061002,2  ,36061,0,1,315 ,092136061000501,092136061000815,宜春职业技术学院                                            
36062001,1  ,36062,0,1,295 ,092136062000001,092136062000295,江西农业工程职业学院                                        
36063001,1  ,36063,1,1,500 ,092136063000001,092136063000500,井冈山大学                                                  
36063002,2  ,36063,1,1,500 ,092136063000501,092136063001000,井冈山大学                                                  
36063003,3  ,36063,1,1,500 ,092136063001001,092136063001500,井冈山大学                                                  
36063004,4  ,36063,1,1,500 ,092136063001501,092136063002000,井冈山大学                                                  
36063005,5  ,36063,1,1,500 ,092136063002001,092136063002500,井冈山大学                                                  
36063006,6  ,36063,1,1,500 ,092136063002501,092136063003000,井冈山大学                                                  
36063007,7  ,36063,1,1,500 ,092136063003001,092136063003500,井冈山大学                                                  
36063008,8  ,36063,1,1,500 ,092136063003501,092136063004000,井冈山大学                                                  
36063009,9  ,36063,2,1,500 ,092136063004001,092136063004500,井冈山大学                                                  
36063010,10 ,36063,2,1,500 ,092136063004501,092136063005000,井冈山大学                                                  
36063011,11 ,36063,2,1,216 ,092136063005001,092136063005216,井冈山大学                                                  
36064001,1  ,36064,0,1,500 ,092136064000001,092136064000500,江西环境工程职业学院                                        
36064002,2  ,36064,0,1,500 ,092136064000501,092136064001000,江西环境工程职业学院                                        
36064003,3  ,36064,0,1,232 ,092136064001001,092136064001232,江西环境工程职业学院                                        
36065001,1  ,36065,0,1,500 ,092136065000001,092136065000500,江西理工大学                                                
36065002,2  ,36065,0,1,500 ,092136065000501,092136065001000,江西理工大学                                                
36065003,3  ,36065,0,1,500 ,092136065001001,092136065001500,江西理工大学                                                
36065004,4  ,36065,0,1,500 ,092136065001501,092136065002000,江西理工大学                                                
36065005,5  ,36065,0,1,500 ,092136065002001,092136065002500,江西理工大学                                                
36065006,6  ,36065,0,1,500 ,092136065002501,092136065003000,江西理工大学                                                
36065007,7  ,36065,0,1,500 ,092136065003001,092136065003500,江西理工大学                                                
36065008,8  ,36065,0,1,500 ,092136065003501,092136065004000,江西理工大学                                                
36065009,9  ,36065,0,1,500 ,092136065004001,092136065004500,江西理工大学                                                
36065010,10 ,36065,0,1,500 ,092136065004501,092136065005000,江西理工大学                                                
36065011,11 ,36065,0,1,500 ,092136065005001,092136065005500,江西理工大学                                                
36065012,12 ,36065,0,1,58  ,092136065005501,092136065005558,江西理工大学                                                
36066001,1  ,36066,1,1,500 ,092136066000001,092136066000500,赣南师范学院                                                
36066002,2  ,36066,1,1,500 ,092136066000501,092136066001000,赣南师范学院                                                
36066003,3  ,36066,1,1,500 ,092136066001001,092136066001500,赣南师范学院                                                
36066004,4  ,36066,1,1,500 ,092136066001501,092136066002000,赣南师范学院                                                
36066005,5  ,36066,1,1,500 ,092136066002001,092136066002500,赣南师范学院                                                
36066006,6  ,36066,1,1,500 ,092136066002501,092136066003000,赣南师范学院                                                
36066007,7  ,36066,1,1,500 ,092136066003001,092136066003500,赣南师范学院                                                
36066008,8  ,36066,1,1,500 ,092136066003501,092136066004000,赣南师范学院                                                
36066009,9  ,36066,1,1,500 ,092136066004001,092136066004500,赣南师范学院                                                
36066010,10 ,36066,2,1,500 ,092136066004501,092136066005000,赣南师范学院                                                
36066011,11 ,36066,2,1,500 ,092136066005001,092136066005500,赣南师范学院                                                
36066012,12 ,36066,2,1,500 ,092136066005501,092136066006000,赣南师范学院                                                
36066013,13 ,36066,2,1,244 ,092136066006001,092136066006244,赣南师范学院                                                
36067001,1  ,36067,0,1,500 ,092136067000001,092136067000500,赣南医学院                                                  
36067002,2  ,36067,0,1,500 ,092136067000501,092136067001000,赣南医学院                                                  
36067003,3  ,36067,0,1,500 ,092136067001001,092136067001500,赣南医学院                                                  
36067004,4  ,36067,1,1,500 ,092136067001501,092136067002000,赣南医学院                                                  
36067005,5  ,36067,2,1,375 ,092136067002001,092136067002375,赣南医学院                                                  
36068001,1  ,36068,0,1,500 ,092136068000001,092136068000500,江西应用技术职业学院                                        
36068002,2  ,36068,0,1,186 ,092136068000501,092136068000686,江西应用技术职业学院                                        
36069001,1  ,36069,0,1,500 ,092136069000001,092136069000500,南昌大学科学技术学院                                        
36069002,2  ,36069,0,1,500 ,092136069000501,092136069001000,南昌大学科学技术学院                                        
36069003,3  ,36069,0,1,500 ,092136069001001,092136069001500,南昌大学科学技术学院                                        
36069004,4  ,36069,0,1,500 ,092136069001501,092136069002000,南昌大学科学技术学院                                        
36069005,5  ,36069,0,1,500 ,092136069002001,092136069002500,南昌大学科学技术学院                                        
36069006,6  ,36069,0,1,500 ,092136069002501,092136069003000,南昌大学科学技术学院                                        
36069007,7  ,36069,0,1,500 ,092136069003001,092136069003500,南昌大学科学技术学院                                        
36069008,8  ,36069,0,1,500 ,092136069003501,092136069004000,南昌大学科学技术学院                                        
36069009,9  ,36069,0,1,500 ,092136069004001,092136069004500,南昌大学科学技术学院                                        
36069010,10 ,36069,0,1,284 ,092136069004501,092136069004784,南昌大学科学技术学院                                        
36071001,1  ,36071,1,1,500 ,092136071000001,092136071000500,景德镇陶瓷学院                                              
36071002,2  ,36071,1,1,500 ,092136071000501,092136071001000,景德镇陶瓷学院                                              
36071003,3  ,36071,1,1,500 ,092136071001001,092136071001500,景德镇陶瓷学院                                              
36071004,4  ,36071,1,1,500 ,092136071001501,092136071002000,景德镇陶瓷学院                                              
36071005,5  ,36071,2,1,500 ,092136071002001,092136071002500,景德镇陶瓷学院                                              
36071006,6  ,36071,2,1,500 ,092136071002501,092136071003000,景德镇陶瓷学院                                              
36071007,7  ,36071,2,1,500 ,092136071003001,092136071003500,景德镇陶瓷学院                                              
36071008,8  ,36071,2,1,500 ,092136071003501,092136071004000,景德镇陶瓷学院                                              
36071009,9  ,36071,2,1,500 ,092136071004001,092136071004500,景德镇陶瓷学院                                              
36071010,10 ,36071,2,1,500 ,092136071004501,092136071005000,景德镇陶瓷学院                                              
36071011,11 ,36071,2,1,500 ,092136071005001,092136071005500,景德镇陶瓷学院                                              
36071012,12 ,36071,2,1,500 ,092136071005501,092136071006000,景德镇陶瓷学院                                              
36071013,13 ,36071,2,1,28  ,092136071006001,092136071006028,景德镇陶瓷学院                                              
36072001,1  ,36072,0,1,500 ,092136072000001,092136072000500,景德镇高等专科学校                                          
36072002,2  ,36072,0,1,500 ,092136072000501,092136072001000,景德镇高等专科学校                                          
36072003,3  ,36072,0,1,500 ,092136072001001,092136072001500,景德镇高等专科学校                                          
36072004,4  ,36072,0,1,224 ,092136072001501,092136072001724,景德镇高等专科学校                                          
36075001,1  ,36075,0,1,500 ,092136075000001,092136075000500,萍乡高等专科学校                                            
36075002,2  ,36075,0,1,500 ,092136075000501,092136075001000,萍乡高等专科学校                                            
36075003,3  ,36075,0,1,500 ,092136075001001,092136075001500,萍乡高等专科学校                                            
36075004,4  ,36075,0,1,500 ,092136075001501,092136075002000,萍乡高等专科学校                                            
36075005,5  ,36075,0,1,500 ,092136075002001,092136075002500,萍乡高等专科学校                                            
36075006,6  ,36075,0,1,135 ,092136075002501,092136075002635,萍乡高等专科学校                                            
36076001,1  ,36076,0,1,286 ,092136076000001,092136076000286,江西应用工程职业学院                                        
36077001,1  ,36077,0,1,500 ,092136077000001,092136077000500,江西工业工程职业技术学院                                    
36077002,2  ,36077,0,1,374 ,092136077000501,092136077000874,江西工业工程职业技术学院                                    
36079001,1  ,36079,2,1,500 ,092136079000001,092136079000500,新余高等专科学校                                            
36079002,2  ,36079,2,1,500 ,092136079000501,092136079001000,新余高等专科学校                                            
36079003,3  ,36079,2,1,500 ,092136079001001,092136079001500,新余高等专科学校                                            
36079004,4  ,36079,2,1,500 ,092136079001501,092136079002000,新余高等专科学校                                            
36079005,5  ,36079,2,1,336 ,092136079002001,092136079002336,新余高等专科学校                                            
36080001,1  ,36080,0,1,500 ,092136080000001,092136080000500,江西渝州科技职业学院                                        
36080002,2  ,36080,0,1,500 ,092136080000501,092136080001000,江西渝州科技职业学院                                        
36080003,3  ,36080,0,1,500 ,092136080001001,092136080001500,江西渝州科技职业学院                                        
36080004,4  ,36080,0,1,500 ,092136080001501,092136080002000,江西渝州科技职业学院                                        
36080005,5  ,36080,0,1,500 ,092136080002001,092136080002500,江西渝州科技职业学院                                        
36080006,6  ,36080,0,1,500 ,092136080002501,092136080003000,江西渝州科技职业学院                                        
36080007,7  ,36080,0,1,500 ,092136080003001,092136080003500,江西渝州科技职业学院                                        
36080008,8  ,36080,0,1,500 ,092136080003501,092136080004000,江西渝州科技职业学院                                        
36080009,9  ,36080,0,1,500 ,092136080004001,092136080004500,江西渝州科技职业学院                                        
36080010,10 ,36080,0,1,500 ,092136080004501,092136080005000,江西渝州科技职业学院                                        
36080011,11 ,36080,0,1,500 ,092136080005001,092136080005500,江西渝州科技职业学院                                        
36080012,12 ,36080,0,1,292 ,092136080005501,092136080005792,江西渝州科技职业学院                                        
36081001,1  ,36081,0,1,500 ,092136081000001,092136081000500,赣西科技职业学院                                            
36081002,2  ,36081,0,1,479 ,092136081000501,092136081000979,赣西科技职业学院                                            
36083001,1  ,36083,0,1,385 ,092136083000001,092136083000385,鹰潭职业技术学院                                            
36084001,1  ,36084,0,1,500 ,092136084000001,092136084000500,江西理工大学应用科学学院                                    
36084002,2  ,36084,0,1,500 ,092136084000501,092136084001000,江西理工大学应用科学学院                                    
36084003,3  ,36084,0,1,500 ,092136084001001,092136084001500,江西理工大学应用科学学院                                    
36084004,4  ,36084,0,1,500 ,092136084001501,092136084002000,江西理工大学应用科学学院                                    
36084005,5  ,36084,0,1,500 ,092136084002001,092136084002500,江西理工大学应用科学学院                                    
36084006,6  ,36084,0,1,500 ,092136084002501,092136084003000,江西理工大学应用科学学院                                    
36084007,7  ,36084,0,1,500 ,092136084003001,092136084003500,江西理工大学应用科学学院                                    
36084008,8  ,36084,0,1,478 ,092136084003501,092136084003978,江西理工大学应用科学学院                                    
