077001,1  ,077,2,1,197 ,092144001000001,092144001000197,澳门大学                                                    
072001,1  ,072,2,1,46  ,092144001000198,092144001000243,澳门镜湖护理学院                                            
079001,1  ,079,2,1,500 ,092144001000244,092144001000743,澳门科技大学                                                
079002,2  ,079,2,1,311 ,092144001000744,092144001001054,澳门科技大学                                                
076001,1  ,076,2,1,25  ,092144001001055,092144001001079,澳门理工学院                                                
44001001,1  ,44001,1,1,500 ,092144001001080,092144001001579,中山大学                                                    
44001002,2  ,44001,1,1,500 ,092144001001580,092144001002079,中山大学                                                    
44001003,3  ,44001,2,1,500 ,092144001002080,092144001002579,中山大学                                                    
44001004,4  ,44001,2,1,500 ,092144001002580,092144001003079,中山大学                                                    
44001005,5  ,44001,2,1,500 ,092144001003080,092144001003579,中山大学                                                    
44001006,6  ,44001,2,1,500 ,092144001003580,092144001004079,中山大学                                                    
44001007,7  ,44001,3,1,500 ,092144001004080,092144001004579,中山大学                                                    
44001008,8  ,44001,3,1,500 ,092144001004580,092144001005079,中山大学                                                    
44001009,9  ,44001,3,1,500 ,092144001005080,092144001005579,中山大学                                                    
44001010,10 ,44001,3,1,500 ,092144001005580,092144001006079,中山大学                                                    
44001011,11 ,44001,3,1,500 ,092144001006080,092144001006579,中山大学                                                    
44001012,12 ,44001,3,1,500 ,092144001006580,092144001007079,中山大学                                                    
44001013,13 ,44001,3,1,59  ,092144001007080,092144001007138,中山大学                                                    
44002001,1  ,44002,0,1,500 ,092144002000001,092144002000500,暨南大学                                                    
44002002,2  ,44002,1,1,500 ,092144002000501,092144002001000,暨南大学                                                    
44002003,3  ,44002,2,1,311 ,092144002001001,092144002001311,暨南大学                                                    
44003001,1  ,44003,0,1,500 ,092144003000001,092144003000500,深圳大学                                                    
44003002,2  ,44003,0,1,500 ,092144003000501,092144003001000,深圳大学                                                    
44003003,3  ,44003,0,1,500 ,092144003001001,092144003001500,深圳大学                                                    
44003004,4  ,44003,0,1,500 ,092144003001501,092144003002000,深圳大学                                                    
44003005,5  ,44003,0,1,307 ,092144003002001,092144003002307,深圳大学                                                    
44004001,1  ,44004,0,1,500 ,092144004000001,092144004000500,汕头大学                                                    
44004002,2  ,44004,1,1,199 ,092144004000501,092144004000699,汕头大学                                                    
44005001,1  ,44005,0,1,500 ,092144005000001,092144005000500,五邑大学                                                    
44005002,2  ,44005,0,1,500 ,092144005000501,092144005001000,五邑大学                                                    
44005003,3  ,44005,0,1,500 ,092144005001001,092144005001500,五邑大学                                                    
44005004,4  ,44005,0,1,405 ,092144005001501,092144005001905,五邑大学                                                    
44006001,1  ,44006,0,1,500 ,092144006000001,092144006000500,华南师范大学                                                
44006002,2  ,44006,1,1,500 ,092144006000501,092144006001000,华南师范大学                                                
44006003,3  ,44006,1,1,500 ,092144006001001,092144006001500,华南师范大学                                                
44006004,4  ,44006,1,1,500 ,092144006001501,092144006002000,华南师范大学                                                
44006005,5  ,44006,1,1,134 ,092144006002001,092144006002134,华南师范大学                                                
44007001,1  ,44007,0,1,500 ,092144007000001,092144007000500,广州大学                                                    
44007002,2  ,44007,0,1,500 ,092144007000501,092144007001000,广州大学                                                    
44007003,3  ,44007,0,1,500 ,092144007001001,092144007001500,广州大学                                                    
44007004,4  ,44007,0,1,500 ,092144007001501,092144007002000,广州大学                                                    
44007005,5  ,44007,0,1,500 ,092144007002001,092144007002500,广州大学                                                    
44007006,6  ,44007,0,1,500 ,092144007002501,092144007003000,广州大学                                                    
44007007,7  ,44007,0,1,500 ,092144007003001,092144007003500,广州大学                                                    
44007008,8  ,44007,0,1,500 ,092144007003501,092144007004000,广州大学                                                    
44007009,9  ,44007,0,1,500 ,092144007004001,092144007004500,广州大学                                                    
44007010,10 ,44007,0,1,500 ,092144007004501,092144007005000,广州大学                                                    
44007011,11 ,44007,0,1,500 ,092144007005001,092144007005500,广州大学                                                    
44007012,12 ,44007,0,1,303 ,092144007005501,092144007005803,广州大学                                                    
44008001,1  ,44008,0,1,500 ,092144008000001,092144008000500,广东外语外贸大学                                            
44008002,2  ,44008,1,1,500 ,092144008000501,092144008001000,广东外语外贸大学                                            
44008003,3  ,44008,1,1,500 ,092144008001001,092144008001500,广东外语外贸大学                                            
44008004,4  ,44008,1,1,500 ,092144008001501,092144008002000,广东外语外贸大学                                            
44008005,5  ,44008,1,1,500 ,092144008002001,092144008002500,广东外语外贸大学                                            
44008006,6  ,44008,1,1,500 ,092144008002501,092144008003000,广东外语外贸大学                                            
44008007,7  ,44008,1,1,500 ,092144008003001,092144008003500,广东外语外贸大学                                            
44008008,8  ,44008,1,1,500 ,092144008003501,092144008004000,广东外语外贸大学                                            
44008009,9  ,44008,1,1,104 ,092144008004001,092144008004104,广东外语外贸大学                                            
44009001,1  ,44009,0,1,500 ,092144009000001,092144009000500,广东岭南职业技术学院                                        
44009002,2  ,44009,0,1,500 ,092144009000501,092144009001000,广东岭南职业技术学院                                        
44009003,3  ,44009,0,1,500 ,092144009001001,092144009001500,广东岭南职业技术学院                                        
44009004,4  ,44009,0,1,500 ,092144009001501,092144009002000,广东岭南职业技术学院                                        
44009005,5  ,44009,0,1,52  ,092144009002001,092144009002052,广东岭南职业技术学院                                        
44010001,1  ,44010,0,1,500 ,092144010000001,092144010000500,广东商学院                                                  
44010002,2  ,44010,1,1,500 ,092144010000501,092144010001000,广东商学院                                                  
44010003,3  ,44010,1,1,500 ,092144010001001,092144010001500,广东商学院                                                  
44010004,4  ,44010,1,1,500 ,092144010001501,092144010002000,广东商学院                                                  
44010005,5  ,44010,1,1,500 ,092144010002001,092144010002500,广东商学院                                                  
44010006,6  ,44010,1,1,500 ,092144010002501,092144010003000,广东商学院                                                  
44010007,7  ,44010,1,1,500 ,092144010003001,092144010003500,广东商学院                                                  
44010008,8  ,44010,1,1,64  ,092144010003501,092144010003564,广东商学院                                                  
44012001,1  ,44012,0,1,500 ,092144012000001,092144012000500,广东科学技术职业学院                                        
44012002,2  ,44012,0,1,500 ,092144012000501,092144012001000,广东科学技术职业学院                                        
44012003,3  ,44012,1,1,500 ,092144012001001,092144012001500,广东科学技术职业学院                                        
44012004,4  ,44012,1,1,500 ,092144012001501,092144012002000,广东科学技术职业学院                                        
44012005,5  ,44012,1,1,500 ,092144012002001,092144012002500,广东科学技术职业学院                                        
44012006,6  ,44012,1,1,500 ,092144012002501,092144012003000,广东科学技术职业学院                                        
44012007,7  ,44012,1,1,500 ,092144012003001,092144012003500,广东科学技术职业学院                                        
44012008,8  ,44012,1,1,500 ,092144012003501,092144012004000,广东科学技术职业学院                                        
44012009,9  ,44012,1,1,500 ,092144012004001,092144012004500,广东科学技术职业学院                                        
44012010,10 ,44012,1,1,500 ,092144012004501,092144012005000,广东科学技术职业学院                                        
44012011,11 ,44012,1,1,500 ,092144012005001,092144012005500,广东科学技术职业学院                                        
44012012,12 ,44012,1,1,500 ,092144012005501,092144012006000,广东科学技术职业学院                                        
44012013,13 ,44012,1,1,500 ,092144012006001,092144012006500,广东科学技术职业学院                                        
44012014,14 ,44012,1,1,365 ,092144012006501,092144012006865,广东科学技术职业学院                                        
44013001,1  ,44013,0,1,500 ,092144013000001,092144013000500,佛山职业技术学院                                            
44013002,2  ,44013,0,1,189 ,092144013000501,092144013000689,佛山职业技术学院                                            
44014001,1  ,44014,0,1,500 ,092144014000001,092144014000500,广东农工商职业技术学院                                      
44014002,2  ,44014,0,1,500 ,092144014000501,092144014001000,广东农工商职业技术学院                                      
44014003,3  ,44014,0,1,500 ,092144014001001,092144014001500,广东农工商职业技术学院                                      
44014004,4  ,44014,0,1,500 ,092144014001501,092144014002000,广东农工商职业技术学院                                      
44014005,5  ,44014,1,1,500 ,092144014002001,092144014002500,广东农工商职业技术学院                                      
44014006,6  ,44014,2,1,500 ,092144014002501,092144014003000,广东农工商职业技术学院                                      
44014007,7  ,44014,2,1,500 ,092144014003001,092144014003500,广东农工商职业技术学院                                      
44014008,8  ,44014,2,1,500 ,092144014003501,092144014004000,广东农工商职业技术学院                                      
44014009,9  ,44014,2,1,218 ,092144014004001,092144014004218,广东农工商职业技术学院                                      
44015001,1  ,44015,0,1,500 ,092144015000001,092144015000500,广东科贸职业学院                                            
44015002,2  ,44015,0,1,500 ,092144015000501,092144015001000,广东科贸职业学院                                            
44015003,3  ,44015,0,1,500 ,092144015001001,092144015001500,广东科贸职业学院                                            
44015004,4  ,44015,0,1,173 ,092144015001501,092144015001673,广东科贸职业学院                                            
44020001,1  ,44020,0,1,500 ,092144020000001,092144020000500,广东松山职业技术学院                                        
44020002,2  ,44020,0,1,500 ,092144020000501,092144020001000,广东松山职业技术学院                                        
44020003,3  ,44020,0,1,500 ,092144020001001,092144020001500,广东松山职业技术学院                                        
44020004,4  ,44020,0,1,299 ,092144020001501,092144020001799,广东松山职业技术学院                                        
44021001,1  ,44021,0,1,500 ,092144021000001,092144021000500,茂名学院                                                    
44021002,2  ,44021,0,1,500 ,092144021000501,092144021001000,茂名学院                                                    
44021003,3  ,44021,0,1,500 ,092144021001001,092144021001500,茂名学院                                                    
44021004,4  ,44021,0,1,500 ,092144021001501,092144021002000,茂名学院                                                    
44021005,5  ,44021,0,1,500 ,092144021002001,092144021002500,茂名学院                                                    
44021006,6  ,44021,0,1,500 ,092144021002501,092144021003000,茂名学院                                                    
44021007,7  ,44021,0,1,442 ,092144021003001,092144021003442,茂名学院                                                    
44022001,1  ,44022,0,1,500 ,092144022000001,092144022000500,广东交通职业技术学院                                        
44022002,2  ,44022,0,1,500 ,092144022000501,092144022001000,广东交通职业技术学院                                        
44022003,3  ,44022,0,1,500 ,092144022001001,092144022001500,广东交通职业技术学院                                        
44022004,4  ,44022,0,1,500 ,092144022001501,092144022002000,广东交通职业技术学院                                        
44022005,5  ,44022,0,1,500 ,092144022002001,092144022002500,广东交通职业技术学院                                        
44022006,6  ,44022,1,1,500 ,092144022002501,092144022003000,广东交通职业技术学院                                        
44022007,7  ,44022,1,1,500 ,092144022003001,092144022003500,广东交通职业技术学院                                        
44022008,8  ,44022,1,1,500 ,092144022003501,092144022004000,广东交通职业技术学院                                        
44022009,9  ,44022,1,1,500 ,092144022004001,092144022004500,广东交通职业技术学院                                        
44022010,10 ,44022,1,1,349 ,092144022004501,092144022004849,广东交通职业技术学院                                        
44023001,1  ,44023,0,1,500 ,092144023000001,092144023000500,广东水利电力职业技术学院                                    
44023002,2  ,44023,1,1,500 ,092144023000501,092144023001000,广东水利电力职业技术学院                                    
44023003,3  ,44023,1,1,500 ,092144023001001,092144023001500,广东水利电力职业技术学院                                    
44023004,4  ,44023,1,1,109 ,092144023001501,092144023001609,广东水利电力职业技术学院                                    
44024001,1  ,44024,0,1,500 ,092144024000001,092144024000500,广州铁路职业技术学院                                        
44024002,2  ,44024,0,1,500 ,092144024000501,092144024001000,广州铁路职业技术学院                                        
44024003,3  ,44024,0,1,300 ,092144024001001,092144024001300,广州铁路职业技术学院                                        
44025001,1  ,44025,0,1,500 ,092144025000001,092144025000500,顺德职业技术学院                                            
44025002,2  ,44025,0,1,500 ,092144025000501,092144025001000,顺德职业技术学院                                            
44025003,3  ,44025,0,1,500 ,092144025001001,092144025001500,顺德职业技术学院                                            
44025004,4  ,44025,0,1,500 ,092144025001501,092144025002000,顺德职业技术学院                                            
44025005,5  ,44025,0,1,500 ,092144025002001,092144025002500,顺德职业技术学院                                            
44025006,6  ,44025,0,1,241 ,092144025002501,092144025002741,顺德职业技术学院                                            
44026001,1  ,44026,0,1,500 ,092144026000001,092144026000500,广东白云学院                                                
44026002,2  ,44026,0,1,500 ,092144026000501,092144026001000,广东白云学院                                                
44026003,3  ,44026,0,1,500 ,092144026001001,092144026001500,广东白云学院                                                
44026004,4  ,44026,0,1,500 ,092144026001501,092144026002000,广东白云学院                                                
44026005,5  ,44026,0,1,500 ,092144026002001,092144026002500,广东白云学院                                                
44026006,6  ,44026,0,1,500 ,092144026002501,092144026003000,广东白云学院                                                
44026007,7  ,44026,0,1,500 ,092144026003001,092144026003500,广东白云学院                                                
44026008,8  ,44026,0,1,125 ,092144026003501,092144026003625,广东白云学院                                                
44027001,1  ,44027,1,1,500 ,092144027000001,092144027000500,潮汕职业技术学院                                            
44027002,2  ,44027,1,1,273 ,092144027000501,092144027000773,潮汕职业技术学院                                            
44028001,1  ,44028,2,1,500 ,092144028000001,092144028000500,广东新安职业技术学院                                        
44028002,2  ,44028,2,1,476 ,092144028000501,092144028000976,广东新安职业技术学院                                        
44029001,1  ,44029,1,1,500 ,092144029000001,092144029000500,广州工程技术职业学院                                        
44029002,2  ,44029,2,1,500 ,092144029000501,092144029001000,广州工程技术职业学院                                        
44029003,3  ,44029,2,1,460 ,092144029001001,092144029001460,广州工程技术职业学院                                        
44030001,1  ,44030,0,1,500 ,092144030000001,092144030000500,广州城市职业学院                                            
44030002,2  ,44030,0,1,500 ,092144030000501,092144030001000,广州城市职业学院                                            
44030003,3  ,44030,0,1,500 ,092144030001001,092144030001500,广州城市职业学院                                            
44030004,4  ,44030,0,1,359 ,092144030001501,092144030001859,广州城市职业学院                                            
44031001,1  ,44031,0,1,500 ,092144031000001,092144031000500,广东纺织职业技术学院                                        
44031002,2  ,44031,0,1,500 ,092144031000501,092144031001000,广东纺织职业技术学院                                        
44031003,3  ,44031,0,1,500 ,092144031001001,092144031001500,广东纺织职业技术学院                                        
44031004,4  ,44031,0,1,180 ,092144031001501,092144031001680,广东纺织职业技术学院                                        
44032001,1  ,44032,0,1,500 ,092144032000001,092144032000500,广东机电职业技术学院                                        
44032002,2  ,44032,0,1,500 ,092144032000501,092144032001000,广东机电职业技术学院                                        
44032003,3  ,44032,0,1,207 ,092144032001001,092144032001207,广东机电职业技术学院                                        
44033001,1  ,44033,0,1,500 ,092144033000001,092144033000500,广东女子职业技术学院                                        
44033002,2  ,44033,0,1,500 ,092144033000501,092144033001000,广东女子职业技术学院                                        
44033003,3  ,44033,0,1,500 ,092144033001001,092144033001500,广东女子职业技术学院                                        
44033004,4  ,44033,0,1,500 ,092144033001501,092144033002000,广东女子职业技术学院                                        
44033005,5  ,44033,0,1,440 ,092144033002001,092144033002440,广东女子职业技术学院                                        
44034001,1  ,44034,0,1,500 ,092144034000001,092144034000500,广东建设职业技术学院                                        
44034002,2  ,44034,0,1,500 ,092144034000501,092144034001000,广东建设职业技术学院                                        
44034003,3  ,44034,0,1,265 ,092144034001001,092144034001265,广东建设职业技术学院                                        
44035001,1  ,44035,0,1,500 ,092144035000001,092144035000500,阳江职业技术学院                                            
44035002,2  ,44035,0,1,500 ,092144035000501,092144035001000,阳江职业技术学院                                            
44035003,3  ,44035,0,1,500 ,092144035001001,092144035001500,阳江职业技术学院                                            
44035004,4  ,44035,0,1,294 ,092144035001501,092144035001794,阳江职业技术学院                                            
44036001,1  ,44036,0,1,500 ,092144036000001,092144036000500,揭阳职业技术学院                                            
44036002,2  ,44036,0,1,500 ,092144036000501,092144036001000,揭阳职业技术学院                                            
44036003,3  ,44036,0,1,500 ,092144036001001,092144036001500,揭阳职业技术学院                                            
44036004,4  ,44036,0,1,279 ,092144036001501,092144036001779,揭阳职业技术学院                                            
44037001,1  ,44037,0,1,500 ,092144037000001,092144037000500,华南理工大学                                                
44037002,2  ,44037,0,1,500 ,092144037000501,092144037001000,华南理工大学                                                
44037003,3  ,44037,0,1,500 ,092144037001001,092144037001500,华南理工大学                                                
44037004,4  ,44037,0,1,500 ,092144037001501,092144037002000,华南理工大学                                                
44037005,5  ,44037,0,1,500 ,092144037002001,092144037002500,华南理工大学                                                
44037006,6  ,44037,0,1,500 ,092144037002501,092144037003000,华南理工大学                                                
44037007,7  ,44037,0,1,500 ,092144037003001,092144037003500,华南理工大学                                                
44037008,8  ,44037,1,1,500 ,092144037003501,092144037004000,华南理工大学                                                
44037009,9  ,44037,1,1,500 ,092144037004001,092144037004500,华南理工大学                                                
44037010,10 ,44037,1,1,500 ,092144037004501,092144037005000,华南理工大学                                                
44037011,11 ,44037,1,1,500 ,092144037005001,092144037005500,华南理工大学                                                
44037012,12 ,44037,1,1,333 ,092144037005501,092144037005833,华南理工大学                                                
44038001,1  ,44038,0,1,500 ,092144038000001,092144038000500,广东工业大学                                                
44038002,2  ,44038,0,1,500 ,092144038000501,092144038001000,广东工业大学                                                
44038003,3  ,44038,0,1,500 ,092144038001001,092144038001500,广东工业大学                                                
44038004,4  ,44038,0,1,500 ,092144038001501,092144038002000,广东工业大学                                                
44038005,5  ,44038,0,1,500 ,092144038002001,092144038002500,广东工业大学                                                
44038006,6  ,44038,0,1,500 ,092144038002501,092144038003000,广东工业大学                                                
44038007,7  ,44038,0,1,500 ,092144038003001,092144038003500,广东工业大学                                                
44038008,8  ,44038,0,1,500 ,092144038003501,092144038004000,广东工业大学                                                
44038009,9  ,44038,0,1,500 ,092144038004001,092144038004500,广东工业大学                                                
44038010,10 ,44038,0,1,500 ,092144038004501,092144038005000,广东工业大学                                                
44038011,11 ,44038,0,1,500 ,092144038005001,092144038005500,广东工业大学                                                
44038012,12 ,44038,0,1,500 ,092144038005501,092144038006000,广东工业大学                                                
44038013,13 ,44038,0,1,500 ,092144038006001,092144038006500,广东工业大学                                                
44038014,14 ,44038,0,1,500 ,092144038006501,092144038007000,广东工业大学                                                
44038015,15 ,44038,0,1,500 ,092144038007001,092144038007500,广东工业大学                                                
44038016,16 ,44038,0,1,500 ,092144038007501,092144038008000,广东工业大学                                                
44038017,17 ,44038,0,1,500 ,092144038008001,092144038008500,广东工业大学                                                
44038018,18 ,44038,0,1,500 ,092144038008501,092144038009000,广东工业大学                                                
44038019,19 ,44038,0,1,500 ,092144038009001,092144038009500,广东工业大学                                                
44038020,20 ,44038,1,1,500 ,092144038009501,092144038010000,广东工业大学                                                
44038021,21 ,44038,1,1,500 ,092144038010001,092144038010500,广东工业大学                                                
44038022,22 ,44038,1,1,500 ,092144038010501,092144038011000,广东工业大学                                                
44038023,23 ,44038,1,1,500 ,092144038011001,092144038011500,广东工业大学                                                
44038024,24 ,44038,1,1,500 ,092144038011501,092144038012000,广东工业大学                                                
44038025,25 ,44038,1,1,500 ,092144038012001,092144038012500,广东工业大学                                                
44038026,26 ,44038,1,1,500 ,092144038012501,092144038013000,广东工业大学                                                
44038027,27 ,44038,2,1,500 ,092144038013001,092144038013500,广东工业大学                                                
44038028,28 ,44038,2,1,500 ,092144038013501,092144038014000,广东工业大学                                                
44038029,29 ,44038,2,1,500 ,092144038014001,092144038014500,广东工业大学                                                
44038030,30 ,44038,2,1,500 ,092144038014501,092144038015000,广东工业大学                                                
44038031,31 ,44038,4,1,500 ,092144038015001,092144038015500,广东工业大学                                                
44038032,32 ,44038,4,1,150 ,092144038015501,092144038015650,广东工业大学                                                
44039001,1  ,44039,0,1,500 ,092144039000001,092144039000500,华南农业大学                                                
44039002,2  ,44039,0,1,500 ,092144039000501,092144039001000,华南农业大学                                                
44039003,3  ,44039,0,1,500 ,092144039001001,092144039001500,华南农业大学                                                
44039004,4  ,44039,0,1,500 ,092144039001501,092144039002000,华南农业大学                                                
44039005,5  ,44039,0,1,500 ,092144039002001,092144039002500,华南农业大学                                                
44039006,6  ,44039,0,1,500 ,092144039002501,092144039003000,华南农业大学                                                
44039007,7  ,44039,0,1,500 ,092144039003001,092144039003500,华南农业大学                                                
44039008,8  ,44039,0,1,500 ,092144039003501,092144039004000,华南农业大学                                                
44039009,9  ,44039,0,1,500 ,092144039004001,092144039004500,华南农业大学                                                
44039010,10 ,44039,0,1,273 ,092144039004501,092144039004773,华南农业大学                                                
44040001,1  ,44040,0,1,500 ,092144040000001,092144040000500,广东海洋大学                                                
44040002,2  ,44040,0,1,500 ,092144040000501,092144040001000,广东海洋大学                                                
44040003,3  ,44040,0,1,500 ,092144040001001,092144040001500,广东海洋大学                                                
44040004,4  ,44040,0,1,500 ,092144040001501,092144040002000,广东海洋大学                                                
44040005,5  ,44040,0,1,500 ,092144040002001,092144040002500,广东海洋大学                                                
44040006,6  ,44040,0,1,500 ,092144040002501,092144040003000,广东海洋大学                                                
44040007,7  ,44040,0,1,500 ,092144040003001,092144040003500,广东海洋大学                                                
44040008,8  ,44040,0,1,500 ,092144040003501,092144040004000,广东海洋大学                                                
44040009,9  ,44040,0,1,500 ,092144040004001,092144040004500,广东海洋大学                                                
44040010,10 ,44040,0,1,500 ,092144040004501,092144040005000,广东海洋大学                                                
44040011,11 ,44040,0,1,500 ,092144040005001,092144040005500,广东海洋大学                                                
44040012,12 ,44040,0,1,500 ,092144040005501,092144040006000,广东海洋大学                                                
44040013,13 ,44040,0,1,500 ,092144040006001,092144040006500,广东海洋大学                                                
44040014,14 ,44040,1,1,500 ,092144040006501,092144040007000,广东海洋大学                                                
44040015,15 ,44040,1,1,500 ,092144040007001,092144040007500,广东海洋大学                                                
44040016,16 ,44040,2,1,500 ,092144040007501,092144040008000,广东海洋大学                                                
44040017,17 ,44040,2,1,500 ,092144040008001,092144040008500,广东海洋大学                                                
44040018,18 ,44040,2,1,500 ,092144040008501,092144040009000,广东海洋大学                                                
44040019,19 ,44040,2,1,500 ,092144040009001,092144040009500,广东海洋大学                                                
44040020,20 ,44040,2,1,500 ,092144040009501,092144040010000,广东海洋大学                                                
44040021,21 ,44040,2,1,343 ,092144040010001,092144040010343,广东海洋大学                                                
44041001,1  ,44041,1,1,500 ,092144041000001,092144041000500,广州中医药大学                                              
44041002,2  ,44041,1,1,500 ,092144041000501,092144041001000,广州中医药大学                                              
44041003,3  ,44041,1,1,500 ,092144041001001,092144041001500,广州中医药大学                                              
44041004,4  ,44041,1,1,500 ,092144041001501,092144041002000,广州中医药大学                                              
44041005,5  ,44041,1,1,500 ,092144041002001,092144041002500,广州中医药大学                                              
44041006,6  ,44041,1,1,500 ,092144041002501,092144041003000,广州中医药大学                                              
44041007,7  ,44041,1,1,362 ,092144041003001,092144041003362,广州中医药大学                                              
44042001,1  ,44042,0,1,500 ,092144042000001,092144042000500,广州医学院                                                  
44042002,2  ,44042,0,1,500 ,092144042000501,092144042001000,广州医学院                                                  
44042003,3  ,44042,1,1,500 ,092144042001001,092144042001500,广州医学院                                                  
44042004,4  ,44042,2,1,500 ,092144042001501,092144042002000,广州医学院                                                  
44042005,5  ,44042,2,1,292 ,092144042002001,092144042002292,广州医学院                                                  
44043001,1  ,44043,0,1,500 ,092144043000001,092144043000500,广东医学院                                                  
44043002,2  ,44043,0,1,500 ,092144043000501,092144043001000,广东医学院                                                  
44043003,3  ,44043,0,1,500 ,092144043001001,092144043001500,广东医学院                                                  
44043004,4  ,44043,1,1,500 ,092144043001501,092144043002000,广东医学院                                                  
44043005,5  ,44043,1,1,500 ,092144043002001,092144043002500,广东医学院                                                  
44043006,6  ,44043,1,1,500 ,092144043002501,092144043003000,广东医学院                                                  
44043007,7  ,44043,1,1,500 ,092144043003001,092144043003500,广东医学院                                                  
44043008,8  ,44043,1,1,500 ,092144043003501,092144043004000,广东医学院                                                  
44043009,9  ,44043,1,1,500 ,092144043004001,092144043004500,广东医学院                                                  
44043010,10 ,44043,1,1,56  ,092144043004501,092144043004556,广东医学院                                                  
44044001,1  ,44044,0,1,500 ,092144044000001,092144044000500,罗定职业技术学院                                            
44044002,2  ,44044,0,1,500 ,092144044000501,092144044001000,罗定职业技术学院                                            
44044003,3  ,44044,0,1,224 ,092144044001001,092144044001224,罗定职业技术学院                                            
44045001,1  ,44045,0,1,500 ,092144045000001,092144045000500,南方医科大学                                                
44045002,2  ,44045,1,1,500 ,092144045000501,092144045001000,南方医科大学                                                
44045003,3  ,44045,1,1,34  ,092144045001001,092144045001034,南方医科大学                                                
44047001,1  ,44047,0,1,490 ,092144047000001,092144047000490,解放军海军兵种指挥学院                                      
44048001,1  ,44048,0,1,500 ,092144048000001,092144048000500,仲恺农业工程学院                                            
44048002,2  ,44048,0,1,500 ,092144048000501,092144048001000,仲恺农业工程学院                                            
44048003,3  ,44048,0,1,500 ,092144048001001,092144048001500,仲恺农业工程学院                                            
44048004,4  ,44048,0,1,500 ,092144048001501,092144048002000,仲恺农业工程学院                                            
44048005,5  ,44048,0,1,15  ,092144048002001,092144048002015,仲恺农业工程学院                                            
44049001,1  ,44049,0,1,500 ,092144049000001,092144049000500,电子科技大学中山学院                                        
44049002,2  ,44049,0,1,500 ,092144049000501,092144049001000,电子科技大学中山学院                                        
44049003,3  ,44049,0,1,500 ,092144049001001,092144049001500,电子科技大学中山学院                                        
44049004,4  ,44049,0,1,500 ,092144049001501,092144049002000,电子科技大学中山学院                                        
44049005,5  ,44049,0,1,500 ,092144049002001,092144049002500,电子科技大学中山学院                                        
44049006,6  ,44049,0,1,500 ,092144049002501,092144049003000,电子科技大学中山学院                                        
44049007,7  ,44049,0,1,500 ,092144049003001,092144049003500,电子科技大学中山学院                                        
44049008,8  ,44049,0,1,500 ,092144049003501,092144049004000,电子科技大学中山学院                                        
44049009,9  ,44049,0,1,500 ,092144049004001,092144049004500,电子科技大学中山学院                                        
44049010,10 ,44049,0,1,500 ,092144049004501,092144049005000,电子科技大学中山学院                                        
44049011,11 ,44049,0,1,27  ,092144049005001,092144049005027,电子科技大学中山学院                                        
44050001,1  ,44050,0,1,500 ,092144050000001,092144050000500,广东金融学院                                                
44050002,2  ,44050,0,1,500 ,092144050000501,092144050001000,广东金融学院                                                
44050003,3  ,44050,0,1,500 ,092144050001001,092144050001500,广东金融学院                                                
44050004,4  ,44050,0,1,500 ,092144050001501,092144050002000,广东金融学院                                                
44050005,5  ,44050,0,1,220 ,092144050002001,092144050002220,广东金融学院                                                
44051001,1  ,44051,0,1,500 ,092144051000001,092144051000500,佛山科学技术学院                                            
44051002,2  ,44051,0,1,500 ,092144051000501,092144051001000,佛山科学技术学院                                            
44051003,3  ,44051,0,1,500 ,092144051001001,092144051001500,佛山科学技术学院                                            
44051004,4  ,44051,0,1,500 ,092144051001501,092144051002000,佛山科学技术学院                                            
44051005,5  ,44051,0,1,500 ,092144051002001,092144051002500,佛山科学技术学院                                            
44051006,6  ,44051,0,1,500 ,092144051002501,092144051003000,佛山科学技术学院                                            
44051007,7  ,44051,1,1,500 ,092144051003001,092144051003500,佛山科学技术学院                                            
44051008,8  ,44051,1,1,500 ,092144051003501,092144051004000,佛山科学技术学院                                            
44051009,9  ,44051,1,1,399 ,092144051004001,092144051004399,佛山科学技术学院                                            
44052001,1  ,44052,0,1,500 ,092144052000001,092144052000500,肇庆学院                                                    
44052002,2  ,44052,0,1,500 ,092144052000501,092144052001000,肇庆学院                                                    
44052003,3  ,44052,0,1,500 ,092144052001001,092144052001500,肇庆学院                                                    
44052004,4  ,44052,0,1,500 ,092144052001501,092144052002000,肇庆学院                                                    
44052005,5  ,44052,0,1,500 ,092144052002001,092144052002500,肇庆学院                                                    
44052006,6  ,44052,0,1,500 ,092144052002501,092144052003000,肇庆学院                                                    
44052007,7  ,44052,0,1,500 ,092144052003001,092144052003500,肇庆学院                                                    
44052008,8  ,44052,0,1,500 ,092144052003501,092144052004000,肇庆学院                                                    
44052009,9  ,44052,0,1,500 ,092144052004001,092144052004500,肇庆学院                                                    
44052010,10 ,44052,0,1,500 ,092144052004501,092144052005000,肇庆学院                                                    
44052011,11 ,44052,0,1,94  ,092144052005001,092144052005094,肇庆学院                                                    
44053001,1  ,44053,0,1,500 ,092144053000001,092144053000500,韶关学院                                                    
44053002,2  ,44053,0,1,500 ,092144053000501,092144053001000,韶关学院                                                    
44053003,3  ,44053,0,1,500 ,092144053001001,092144053001500,韶关学院                                                    
44053004,4  ,44053,0,1,500 ,092144053001501,092144053002000,韶关学院                                                    
44053005,5  ,44053,0,1,500 ,092144053002001,092144053002500,韶关学院                                                    
44053006,6  ,44053,0,1,500 ,092144053002501,092144053003000,韶关学院                                                    
44053007,7  ,44053,0,1,500 ,092144053003001,092144053003500,韶关学院                                                    
44053008,8  ,44053,0,1,500 ,092144053003501,092144053004000,韶关学院                                                    
44053009,9  ,44053,0,1,500 ,092144053004001,092144053004500,韶关学院                                                    
44053010,10 ,44053,0,1,500 ,092144053004501,092144053005000,韶关学院                                                    
44053011,11 ,44053,0,1,375 ,092144053005001,092144053005375,韶关学院                                                    
44054001,1  ,44054,0,1,500 ,092144054000001,092144054000500,嘉应学院                                                    
44054002,2  ,44054,0,1,500 ,092144054000501,092144054001000,嘉应学院                                                    
44054003,3  ,44054,0,1,500 ,092144054001001,092144054001500,嘉应学院                                                    
44054004,4  ,44054,0,1,500 ,092144054001501,092144054002000,嘉应学院                                                    
44054005,5  ,44054,0,1,500 ,092144054002001,092144054002500,嘉应学院                                                    
44054006,6  ,44054,0,1,500 ,092144054002501,092144054003000,嘉应学院                                                    
44054007,7  ,44054,0,1,316 ,092144054003001,092144054003316,嘉应学院                                                    
44055001,1  ,44055,0,1,500 ,092144055000001,092144055000500,湛江师范学院                                                
44055002,2  ,44055,0,1,500 ,092144055000501,092144055001000,湛江师范学院                                                
44055003,3  ,44055,0,1,500 ,092144055001001,092144055001500,湛江师范学院                                                
44055004,4  ,44055,0,1,500 ,092144055001501,092144055002000,湛江师范学院                                                
44055005,5  ,44055,0,1,500 ,092144055002001,092144055002500,湛江师范学院                                                
44055006,6  ,44055,0,1,500 ,092144055002501,092144055003000,湛江师范学院                                                
44055007,7  ,44055,0,1,500 ,092144055003001,092144055003500,湛江师范学院                                                
44055008,8  ,44055,0,1,500 ,092144055003501,092144055004000,湛江师范学院                                                
44055009,9  ,44055,0,1,500 ,092144055004001,092144055004500,湛江师范学院                                                
44055010,10 ,44055,0,1,500 ,092144055004501,092144055005000,湛江师范学院                                                
44055011,11 ,44055,0,1,500 ,092144055005001,092144055005500,湛江师范学院                                                
44055012,12 ,44055,0,1,500 ,092144055005501,092144055006000,湛江师范学院                                                
44055013,13 ,44055,0,1,500 ,092144055006001,092144055006500,湛江师范学院                                                
44055014,14 ,44055,2,1,500 ,092144055006501,092144055007000,湛江师范学院                                                
44055015,15 ,44055,2,1,500 ,092144055007001,092144055007500,湛江师范学院                                                
44055016,16 ,44055,2,1,466 ,092144055007501,092144055007966,湛江师范学院                                                
44056001,1  ,44056,0,1,500 ,092144056000001,092144056000500,韩山师范学院                                                
44056002,2  ,44056,0,1,500 ,092144056000501,092144056001000,韩山师范学院                                                
44056003,3  ,44056,0,1,500 ,092144056001001,092144056001500,韩山师范学院                                                
44056004,4  ,44056,0,1,500 ,092144056001501,092144056002000,韩山师范学院                                                
44056005,5  ,44056,0,1,500 ,092144056002001,092144056002500,韩山师范学院                                                
44056006,6  ,44056,0,1,500 ,092144056002501,092144056003000,韩山师范学院                                                
44056007,7  ,44056,0,1,500 ,092144056003001,092144056003500,韩山师范学院                                                
44056008,8  ,44056,0,1,500 ,092144056003501,092144056004000,韩山师范学院                                                
44056009,9  ,44056,0,1,36  ,092144056004001,092144056004036,韩山师范学院                                                
44057001,1  ,44057,0,1,500 ,092144057000001,092144057000500,惠州学院                                                    
44057002,2  ,44057,0,1,500 ,092144057000501,092144057001000,惠州学院                                                    
44057003,3  ,44057,0,1,500 ,092144057001001,092144057001500,惠州学院                                                    
44057004,4  ,44057,0,1,500 ,092144057001501,092144057002000,惠州学院                                                    
44057005,5  ,44057,0,1,500 ,092144057002001,092144057002500,惠州学院                                                    
44057006,6  ,44057,0,1,500 ,092144057002501,092144057003000,惠州学院                                                    
44057007,7  ,44057,0,1,500 ,092144057003001,092144057003500,惠州学院                                                    
44057008,8  ,44057,0,1,320 ,092144057003501,092144057003820,惠州学院                                                    
44058001,1  ,44058,0,1,500 ,092144058000001,092144058000500,广东行政职业学院                                            
44058002,2  ,44058,0,1,500 ,092144058000501,092144058001000,广东行政职业学院                                            
44058003,3  ,44058,0,1,500 ,092144058001001,092144058001500,广东行政职业学院                                            
44058004,4  ,44058,0,1,265 ,092144058001501,092144058001765,广东行政职业学院                                            
44059001,1  ,44059,0,1,391 ,092144059000001,092144059000391,星海音乐学院                                                
44060001,1  ,44060,0,1,500 ,092144060000001,092144060000500,广州美术学院                                                
44060002,2  ,44060,0,1,277 ,092144060000501,092144060000777,广州美术学院                                                
44061001,1  ,44061,0,1,500 ,092144061000001,092144061000500,广州体育学院                                                
44061002,2  ,44061,0,1,206 ,092144061000501,092144061000706,广州体育学院                                                
44062001,1  ,44062,0,1,500 ,092144062000001,092144062000500,广东技术师范学院                                            
44062002,2  ,44062,0,1,500 ,092144062000501,092144062001000,广东技术师范学院                                            
44062003,3  ,44062,0,1,500 ,092144062001001,092144062001500,广东技术师范学院                                            
44062004,4  ,44062,0,1,500 ,092144062001501,092144062002000,广东技术师范学院                                            
44062005,5  ,44062,0,1,500 ,092144062002001,092144062002500,广东技术师范学院                                            
44062006,6  ,44062,1,1,500 ,092144062002501,092144062003000,广东技术师范学院                                            
44062007,7  ,44062,1,1,500 ,092144062003001,092144062003500,广东技术师范学院                                            
44062008,8  ,44062,2,1,500 ,092144062003501,092144062004000,广东技术师范学院                                            
44062009,9  ,44062,2,1,500 ,092144062004001,092144062004500,广东技术师范学院                                            
44062010,10 ,44062,2,1,500 ,092144062004501,092144062005000,广东技术师范学院                                            
44062011,11 ,44062,2,1,500 ,092144062005001,092144062005500,广东技术师范学院                                            
44062012,12 ,44062,2,1,500 ,092144062005501,092144062006000,广东技术师范学院                                            
44062013,13 ,44062,2,1,500 ,092144062006001,092144062006500,广东技术师范学院                                            
44062014,14 ,44062,2,1,500 ,092144062006501,092144062007000,广东技术师范学院                                            
44062015,15 ,44062,4,1,500 ,092144062007001,092144062007500,广东技术师范学院                                            
44062016,16 ,44062,4,1,500 ,092144062007501,092144062008000,广东技术师范学院                                            
44062017,17 ,44062,5,1,500 ,092144062008001,092144062008500,广东技术师范学院                                            
44062018,18 ,44062,5,1,457 ,092144062008501,092144062008957,广东技术师范学院                                            
44063001,1  ,44063,0,1,500 ,092144063000001,092144063000500,东莞理工学院                                                
44063002,2  ,44063,0,1,500 ,092144063000501,092144063001000,东莞理工学院                                                
44063003,3  ,44063,0,1,500 ,092144063001001,092144063001500,东莞理工学院                                                
44063004,4  ,44063,0,1,500 ,092144063001501,092144063002000,东莞理工学院                                                
44063005,5  ,44063,0,1,500 ,092144063002001,092144063002500,东莞理工学院                                                
44063006,6  ,44063,0,1,500 ,092144063002501,092144063003000,东莞理工学院                                                
44063007,7  ,44063,0,1,500 ,092144063003001,092144063003500,东莞理工学院                                                
44063008,8  ,44063,0,1,145 ,092144063003501,092144063003645,东莞理工学院                                                
44064001,1  ,44064,0,1,500 ,092144064000001,092144064000500,广州航海高等专科学校                                        
44064002,2  ,44064,0,1,500 ,092144064000501,092144064001000,广州航海高等专科学校                                        
44064003,3  ,44064,0,1,500 ,092144064001001,092144064001500,广州航海高等专科学校                                        
44064004,4  ,44064,1,1,500 ,092144064001501,092144064002000,广州航海高等专科学校                                        
44064005,5  ,44064,1,1,500 ,092144064002001,092144064002500,广州航海高等专科学校                                        
44064006,6  ,44064,1,1,252 ,092144064002501,092144064002752,广州航海高等专科学校                                        
44066001,1  ,44066,0,1,500 ,092144066000001,092144066000500,广州民航职业技术学院                                        
44066002,2  ,44066,0,1,500 ,092144066000501,092144066001000,广州民航职业技术学院                                        
44066003,3  ,44066,0,1,500 ,092144066001001,092144066001500,广州民航职业技术学院                                        
44066004,4  ,44066,1,1,500 ,092144066001501,092144066002000,广州民航职业技术学院                                        
44066005,5  ,44066,1,1,500 ,092144066002001,092144066002500,广州民航职业技术学院                                        
44066006,6  ,44066,1,1,500 ,092144066002501,092144066003000,广州民航职业技术学院                                        
44066007,7  ,44066,1,1,500 ,092144066003001,092144066003500,广州民航职业技术学院                                        
44066008,8  ,44066,1,1,43  ,092144066003501,092144066003543,广州民航职业技术学院                                        
44069001,1  ,44069,0,1,500 ,092144069000001,092144069000500,广东教育学院                                                
44069002,2  ,44069,0,1,500 ,092144069000501,092144069001000,广东教育学院                                                
44069003,3  ,44069,0,1,59  ,092144069001001,092144069001059,广东教育学院                                                
44070001,1  ,44070,0,1,500 ,092144070000001,092144070000500,广东轻工职业技术学院                                        
44070002,2  ,44070,0,1,500 ,092144070000501,092144070001000,广东轻工职业技术学院                                        
44070003,3  ,44070,0,1,500 ,092144070001001,092144070001500,广东轻工职业技术学院                                        
44070004,4  ,44070,1,1,500 ,092144070001501,092144070002000,广东轻工职业技术学院                                        
44070005,5  ,44070,1,1,500 ,092144070002001,092144070002500,广东轻工职业技术学院                                        
44070006,6  ,44070,1,1,500 ,092144070002501,092144070003000,广东轻工职业技术学院                                        
44070007,7  ,44070,1,1,500 ,092144070003001,092144070003500,广东轻工职业技术学院                                        
44070008,8  ,44070,1,1,500 ,092144070003501,092144070004000,广东轻工职业技术学院                                        
44070009,9  ,44070,1,1,225 ,092144070004001,092144070004225,广东轻工职业技术学院                                        
44071001,1  ,44071,1,1,500 ,092144071000001,092144071000500,南华工商学院                                                
44071002,2  ,44071,2,1,500 ,092144071000501,092144071001000,南华工商学院                                                
44071003,3  ,44071,2,1,500 ,092144071001001,092144071001500,南华工商学院                                                
44071004,4  ,44071,2,1,500 ,092144071001501,092144071002000,南华工商学院                                                
44071005,5  ,44071,2,1,500 ,092144071002001,092144071002500,南华工商学院                                                
44071006,6  ,44071,2,1,96  ,092144071002501,092144071002596,南华工商学院                                                
44072001,1  ,44072,1,1,500 ,092144072000001,092144072000500,广东警官学院                                                
44072002,2  ,44072,1,1,500 ,092144072000501,092144072001000,广东警官学院                                                
44072003,3  ,44072,1,1,444 ,092144072001001,092144072001444,广东警官学院                                                
44073001,1  ,44073,0,1,500 ,092144073000001,092144073000500,私立华联学院                                                
44073002,2  ,44073,0,1,500 ,092144073000501,092144073001000,私立华联学院                                                
44073003,3  ,44073,0,1,421 ,092144073001001,092144073001421,私立华联学院                                                
44074001,1  ,44074,0,1,500 ,092144074000001,092144074000500,深圳职业技术学院                                            
44074002,2  ,44074,0,1,500 ,092144074000501,092144074001000,深圳职业技术学院                                            
44074003,3  ,44074,0,1,500 ,092144074001001,092144074001500,深圳职业技术学院                                            
44074004,4  ,44074,0,1,500 ,092144074001501,092144074002000,深圳职业技术学院                                            
44074005,5  ,44074,0,1,500 ,092144074002001,092144074002500,深圳职业技术学院                                            
44074006,6  ,44074,0,1,500 ,092144074002501,092144074003000,深圳职业技术学院                                            
44074007,7  ,44074,0,1,500 ,092144074003001,092144074003500,深圳职业技术学院                                            
44074008,8  ,44074,0,1,500 ,092144074003501,092144074004000,深圳职业技术学院                                            
44074009,9  ,44074,0,1,500 ,092144074004001,092144074004500,深圳职业技术学院                                            
44074010,10 ,44074,0,1,245 ,092144074004501,092144074004745,深圳职业技术学院                                            
44075001,1  ,44075,0,1,500 ,092144075000001,092144075000500,广东理工职业学院                                            
44075002,2  ,44075,1,1,500 ,092144075000501,092144075001000,广东理工职业学院                                            
44075003,3  ,44075,1,1,500 ,092144075001001,092144075001500,广东理工职业学院                                            
44075004,4  ,44075,1,1,500 ,092144075001501,092144075002000,广东理工职业学院                                            
44075005,5  ,44075,1,1,371 ,092144075002001,092144075002371,广东理工职业学院                                            
44076001,1  ,44076,0,1,500 ,092144076000001,092144076000500,广州广播电视大学                                            
44076002,2  ,44076,0,1,500 ,092144076000501,092144076001000,广州广播电视大学                                            
44076003,3  ,44076,0,1,145 ,092144076001001,092144076001145,广州广播电视大学                                            
44077001,1  ,44077,1,1,13  ,092144077000001,092144077000013,中共广东省委党校                                            
44078001,1  ,44078,0,1,500 ,092144078000001,092144078000500,广东财经职业学院                                            
44078002,2  ,44078,0,1,335 ,092144078000501,092144078000835,广东财经职业学院                                            
44079001,1  ,44079,0,1,500 ,092144079000001,092144079000500,广州番禺职业技术学院                                        
44079002,2  ,44079,0,1,500 ,092144079000501,092144079001000,广州番禺职业技术学院                                        
44079003,3  ,44079,0,1,500 ,092144079001001,092144079001500,广州番禺职业技术学院                                        
44079004,4  ,44079,0,1,500 ,092144079001501,092144079002000,广州番禺职业技术学院                                        
44079005,5  ,44079,0,1,423 ,092144079002001,092144079002423,广州番禺职业技术学院                                        
44080001,1  ,44080,0,1,500 ,092144080000001,092144080000500,广东培正学院                                                
44080002,2  ,44080,0,1,500 ,092144080000501,092144080001000,广东培正学院                                                
44080003,3  ,44080,0,1,500 ,092144080001001,092144080001500,广东培正学院                                                
44080004,4  ,44080,0,1,500 ,092144080001501,092144080002000,广东培正学院                                                
44080005,5  ,44080,0,1,500 ,092144080002001,092144080002500,广东培正学院                                                
44080006,6  ,44080,0,1,500 ,092144080002501,092144080003000,广东培正学院                                                
44080007,7  ,44080,0,1,500 ,092144080003001,092144080003500,广东培正学院                                                
44080008,8  ,44080,0,1,500 ,092144080003501,092144080004000,广东培正学院                                                
44080009,9  ,44080,0,1,106 ,092144080004001,092144080004106,广东培正学院                                                
44081001,1  ,44081,0,1,500 ,092144081000001,092144081000500,肇庆医学高等专科学校                                        
44081002,2  ,44081,0,1,500 ,092144081000501,092144081001000,肇庆医学高等专科学校                                        
44081003,3  ,44081,0,1,238 ,092144081001001,092144081001238,肇庆医学高等专科学校                                        
44083001,1  ,44083,0,1,500 ,092144083000001,092144083000500,江门职业技术学院                                            
44083002,2  ,44083,0,1,500 ,092144083000501,092144083001000,江门职业技术学院                                            
44083003,3  ,44083,0,1,500 ,092144083001001,092144083001500,江门职业技术学院                                            
44083004,4  ,44083,0,1,491 ,092144083001501,092144083001991,江门职业技术学院                                            
44084001,1  ,44084,0,1,500 ,092144084000001,092144084000500,广东邮电职业技术学院                                        
44084002,2  ,44084,0,1,500 ,092144084000501,092144084001000,广东邮电职业技术学院                                        
44084003,3  ,44084,0,1,81  ,092144084001001,092144084001081,广东邮电职业技术学院                                        
44085001,1  ,44085,0,1,500 ,092144085000001,092144085000500,南海东软信息技术职业学院                                    
44085002,2  ,44085,0,1,500 ,092144085000501,092144085001000,南海东软信息技术职业学院                                    
44085003,3  ,44085,0,1,36  ,092144085001001,092144085001036,南海东软信息技术职业学院                                    
44086001,1  ,44086,0,1,500 ,092144086000001,092144086000500,北京师范大学珠海分校                                        
44086002,2  ,44086,0,1,500 ,092144086000501,092144086001000,北京师范大学珠海分校                                        
44086003,3  ,44086,0,1,500 ,092144086001001,092144086001500,北京师范大学珠海分校                                        
44086004,4  ,44086,0,1,500 ,092144086001501,092144086002000,北京师范大学珠海分校                                        
44086005,5  ,44086,0,1,500 ,092144086002001,092144086002500,北京师范大学珠海分校                                        
44086006,6  ,44086,0,1,500 ,092144086002501,092144086003000,北京师范大学珠海分校                                        
44086007,7  ,44086,0,1,500 ,092144086003001,092144086003500,北京师范大学珠海分校                                        
44086008,8  ,44086,0,1,500 ,092144086003501,092144086004000,北京师范大学珠海分校                                        
44086009,9  ,44086,0,1,500 ,092144086004001,092144086004500,北京师范大学珠海分校                                        
44086010,10 ,44086,0,1,500 ,092144086004501,092144086005000,北京师范大学珠海分校                                        
44086011,11 ,44086,0,1,358 ,092144086005001,092144086005358,北京师范大学珠海分校                                        
44087001,1  ,44087,0,1,500 ,092144087000001,092144087000500,广东工程职业技术学院                                        
44087002,2  ,44087,0,1,500 ,092144087000501,092144087001000,广东工程职业技术学院                                        
44087003,3  ,44087,0,1,500 ,092144087001001,092144087001500,广东工程职业技术学院                                        
44087004,4  ,44087,0,1,500 ,092144087001501,092144087002000,广东工程职业技术学院                                        
44087005,5  ,44087,0,1,122 ,092144087002001,092144087002122,广东工程职业技术学院                                        
44089001,1  ,44089,0,1,500 ,092144089000001,092144089000500,广东工贸职业技术学院                                        
44089002,2  ,44089,0,1,500 ,092144089000501,092144089001000,广东工贸职业技术学院                                        
44089003,3  ,44089,0,1,500 ,092144089001001,092144089001500,广东工贸职业技术学院                                        
44089004,4  ,44089,0,1,176 ,092144089001501,092144089001676,广东工贸职业技术学院                                        
44090001,1  ,44090,0,1,500 ,092144090000001,092144090000500,深圳信息职业技术学院                                        
44090002,2  ,44090,0,1,421 ,092144090000501,092144090000921,深圳信息职业技术学院                                        
44091001,1  ,44091,0,1,500 ,092144091000001,092144091000500,清远职业技术学院                                            
44091002,2  ,44091,0,1,500 ,092144091000501,092144091001000,清远职业技术学院                                            
44091003,3  ,44091,0,1,500 ,092144091001001,092144091001500,清远职业技术学院                                            
44091004,4  ,44091,0,1,500 ,092144091001501,092144091002000,清远职业技术学院                                            
44091005,5  ,44091,0,1,409 ,092144091002001,092144091002409,清远职业技术学院                                            
44092001,1  ,44092,0,1,500 ,092144092000001,092144092000500,汕头职业技术学院                                            
44092002,2  ,44092,0,1,500 ,092144092000501,092144092001000,汕头职业技术学院                                            
44092003,3  ,44092,0,1,500 ,092144092001001,092144092001500,汕头职业技术学院                                            
44092004,4  ,44092,1,1,500 ,092144092001501,092144092002000,汕头职业技术学院                                            
44092005,5  ,44092,1,1,500 ,092144092002001,092144092002500,汕头职业技术学院                                            
44092006,6  ,44092,1,1,53  ,092144092002501,092144092002553,汕头职业技术学院                                            
44093001,1  ,44093,0,1,500 ,092144093000001,092144093000500,广东外语艺术职业学院                                        
44093002,2  ,44093,0,1,500 ,092144093000501,092144093001000,广东外语艺术职业学院                                        
44093003,3  ,44093,0,1,500 ,092144093001001,092144093001500,广东外语艺术职业学院                                        
44093004,4  ,44093,0,1,226 ,092144093001501,092144093001726,广东外语艺术职业学院                                        
44095001,1  ,44095,0,1,500 ,092144095000001,092144095000500,广东药学院                                                  
44095002,2  ,44095,0,1,500 ,092144095000501,092144095001000,广东药学院                                                  
44095003,3  ,44095,0,1,500 ,092144095001001,092144095001500,广东药学院                                                  
44095004,4  ,44095,0,1,500 ,092144095001501,092144095002000,广东药学院                                                  
44095005,5  ,44095,0,1,500 ,092144095002001,092144095002500,广东药学院                                                  
44095006,6  ,44095,0,1,500 ,092144095002501,092144095003000,广东药学院                                                  
44095007,7  ,44095,0,1,500 ,092144095003001,092144095003500,广东药学院                                                  
44095008,8  ,44095,2,1,500 ,092144095003501,092144095004000,广东药学院                                                  
44095009,9  ,44095,2,1,500 ,092144095004001,092144095004500,广东药学院                                                  
44095010,10 ,44095,2,1,500 ,092144095004501,092144095005000,广东药学院                                                  
44095011,11 ,44095,2,1,500 ,092144095005001,092144095005500,广东药学院                                                  
44095012,12 ,44095,2,1,500 ,092144095005501,092144095006000,广东药学院                                                  
44095013,13 ,44095,2,1,430 ,092144095006001,092144095006430,广东药学院                                                  
44097001,1  ,44097,0,1,500 ,092144097000001,092144097000500,汕尾职业技术学院                                            
44097002,2  ,44097,0,1,500 ,092144097000501,092144097001000,汕尾职业技术学院                                            
44097003,3  ,44097,0,1,371 ,092144097001001,092144097001371,汕尾职业技术学院                                            
44098001,1  ,44098,0,1,500 ,092144098000001,092144098000500,河源职业技术学院                                            
44098002,2  ,44098,0,1,500 ,092144098000501,092144098001000,河源职业技术学院                                            
44098003,3  ,44098,0,1,500 ,092144098001001,092144098001500,河源职业技术学院                                            
44098004,4  ,44098,0,1,448 ,092144098001501,092144098001948,河源职业技术学院                                            
44100001,1  ,44100,0,1,228 ,092144100000001,092144100000228,广东司法警官职业学院                                        
44101001,1  ,44101,0,1,500 ,092144101000001,092144101000500,华南师范大学增城学院                                        
44101002,2  ,44101,0,1,500 ,092144101000501,092144101001000,华南师范大学增城学院                                        
44101003,3  ,44101,0,1,500 ,092144101001001,092144101001500,华南师范大学增城学院                                        
44101004,4  ,44101,0,1,141 ,092144101001501,092144101001641,华南师范大学增城学院                                        
44102001,1  ,44102,0,1,500 ,092144102000001,092144102000500,华南师范大学南海学院                                        
44102002,2  ,44102,0,1,500 ,092144102000501,092144102001000,华南师范大学南海学院                                        
44102003,3  ,44102,0,1,500 ,092144102001001,092144102001500,华南师范大学南海学院                                        
44102004,4  ,44102,0,1,366 ,092144102001501,092144102001866,华南师范大学南海学院                                        
44103001,1  ,44103,0,1,500 ,092144103000001,092144103000500,广州大学纺织服装学院                                        
44103002,2  ,44103,0,1,10  ,092144103000501,092144103000510,广州大学纺织服装学院                                        
44104001,1  ,44104,0,1,500 ,092144104000001,092144104000500,广州大学华软软件学院                                        
44104002,2  ,44104,0,1,500 ,092144104000501,092144104001000,广州大学华软软件学院                                        
44104003,3  ,44104,0,1,500 ,092144104001001,092144104001500,广州大学华软软件学院                                        
44104004,4  ,44104,0,1,500 ,092144104001501,092144104002000,广州大学华软软件学院                                        
44104005,5  ,44104,0,1,500 ,092144104002001,092144104002500,广州大学华软软件学院                                        
44104006,6  ,44104,0,1,500 ,092144104002501,092144104003000,广州大学华软软件学院                                        
44104007,7  ,44104,0,1,182 ,092144104003001,092144104003182,广州大学华软软件学院                                        
44106001,1  ,44106,0,1,500 ,092144106000001,092144106000500,广州大学市政技术学院                                        
44106002,2  ,44106,0,1,500 ,092144106000501,092144106001000,广州大学市政技术学院                                        
44106003,3  ,44106,0,1,166 ,092144106001001,092144106001166,广州大学市政技术学院                                        
44107001,1  ,44107,0,1,500 ,092144107000001,092144107000500,广州大学松田学院                                            
44107002,2  ,44107,0,1,500 ,092144107000501,092144107001000,广州大学松田学院                                            
44107003,3  ,44107,0,1,500 ,092144107001001,092144107001500,广州大学松田学院                                            
44107004,4  ,44107,0,1,404 ,092144107001501,092144107001904,广州大学松田学院                                            
44109001,1  ,44109,0,1,500 ,092144109000001,092144109000500,广东工业大学华立学院                                        
44109002,2  ,44109,0,1,500 ,092144109000501,092144109001000,广东工业大学华立学院                                        
44109003,3  ,44109,0,1,500 ,092144109001001,092144109001500,广东工业大学华立学院                                        
44109004,4  ,44109,0,1,500 ,092144109001501,092144109002000,广东工业大学华立学院                                        
44109005,5  ,44109,0,1,500 ,092144109002001,092144109002500,广东工业大学华立学院                                        
44109006,6  ,44109,0,1,500 ,092144109002501,092144109003000,广东工业大学华立学院                                        
44109007,7  ,44109,0,1,500 ,092144109003001,092144109003500,广东工业大学华立学院                                        
44109008,8  ,44109,0,1,500 ,092144109003501,092144109004000,广东工业大学华立学院                                        
44109009,9  ,44109,0,1,44  ,092144109004001,092144109004044,广东工业大学华立学院                                        
44110001,1  ,44110,0,1,500 ,092144110000001,092144110000500,东莞理工学院城市学院                                        
44110002,2  ,44110,0,1,500 ,092144110000501,092144110001000,东莞理工学院城市学院                                        
44110003,3  ,44110,0,1,500 ,092144110001001,092144110001500,东莞理工学院城市学院                                        
44110004,4  ,44110,0,1,500 ,092144110001501,092144110002000,东莞理工学院城市学院                                        
44110005,5  ,44110,0,1,500 ,092144110002001,092144110002500,东莞理工学院城市学院                                        
44110006,6  ,44110,0,1,500 ,092144110002501,092144110003000,东莞理工学院城市学院                                        
44110007,7  ,44110,0,1,382 ,092144110003001,092144110003382,东莞理工学院城市学院                                        
44111001,1  ,44111,0,1,500 ,092144111000001,092144111000500,广州工商职业技术学院                                        
44111002,2  ,44111,0,1,500 ,092144111000501,092144111001000,广州工商职业技术学院                                        
44111003,3  ,44111,0,1,500 ,092144111001001,092144111001500,广州工商职业技术学院                                        
44111004,4  ,44111,0,1,500 ,092144111001501,092144111002000,广州工商职业技术学院                                        
44111005,5  ,44111,0,1,21  ,092144111002001,092144111002021,广州工商职业技术学院                                        
44112001,1  ,44112,0,1,500 ,092144112000001,092144112000500,北京理工大学珠海学院                                        
44112002,2  ,44112,0,1,500 ,092144112000501,092144112001000,北京理工大学珠海学院                                        
44112003,3  ,44112,0,1,500 ,092144112001001,092144112001500,北京理工大学珠海学院                                        
44112004,4  ,44112,0,1,500 ,092144112001501,092144112002000,北京理工大学珠海学院                                        
44112005,5  ,44112,0,1,500 ,092144112002001,092144112002500,北京理工大学珠海学院                                        
44112006,6  ,44112,0,1,500 ,092144112002501,092144112003000,北京理工大学珠海学院                                        
44112007,7  ,44112,0,1,500 ,092144112003001,092144112003500,北京理工大学珠海学院                                        
44112008,8  ,44112,0,1,500 ,092144112003501,092144112004000,北京理工大学珠海学院                                        
44112009,9  ,44112,0,1,500 ,092144112004001,092144112004500,北京理工大学珠海学院                                        
44112010,10 ,44112,0,1,437 ,092144112004501,092144112004937,北京理工大学珠海学院                                        
44113001,1  ,44113,0,1,500 ,092144113000001,092144113000500,广东食品药品职业学院                                        
44113002,2  ,44113,0,1,500 ,092144113000501,092144113001000,广东食品药品职业学院                                        
44113003,3  ,44113,0,1,500 ,092144113001001,092144113001500,广东食品药品职业学院                                        
44113004,4  ,44113,0,1,500 ,092144113001501,092144113002000,广东食品药品职业学院                                        
44113005,5  ,44113,0,1,384 ,092144113002001,092144113002384,广东食品药品职业学院                                        
44114001,1  ,44114,0,1,194 ,092144114000001,092144114000194,武警广州指挥学院                                            
44115001,1  ,44115,0,1,500 ,092144115000001,092144115000500,吉林大学珠海学院                                            
44115002,2  ,44115,0,1,500 ,092144115000501,092144115001000,吉林大学珠海学院                                            
44115003,3  ,44115,0,1,500 ,092144115001001,092144115001500,吉林大学珠海学院                                            
44115004,4  ,44115,0,1,500 ,092144115001501,092144115002000,吉林大学珠海学院                                            
44115005,5  ,44115,0,1,500 ,092144115002001,092144115002500,吉林大学珠海学院                                            
44115006,6  ,44115,0,1,500 ,092144115002501,092144115003000,吉林大学珠海学院                                            
44115007,7  ,44115,0,1,500 ,092144115003001,092144115003500,吉林大学珠海学院                                            
44115008,8  ,44115,0,1,500 ,092144115003501,092144115004000,吉林大学珠海学院                                            
44115009,9  ,44115,0,1,292 ,092144115004001,092144115004292,吉林大学珠海学院                                            
44116001,1  ,44116,0,1,500 ,092144116000001,092144116000500,广州涉外经济职业技术学院                                    
44116002,2  ,44116,0,1,500 ,092144116000501,092144116001000,广州涉外经济职业技术学院                                    
44116003,3  ,44116,0,1,500 ,092144116001001,092144116001500,广州涉外经济职业技术学院                                    
44116004,4  ,44116,0,1,500 ,092144116001501,092144116002000,广州涉外经济职业技术学院                                    
44116005,5  ,44116,0,1,96  ,092144116002001,092144116002096,广州涉外经济职业技术学院                                    
44117001,1  ,44117,0,1,500 ,092144117000001,092144117000500,广州科技贸易职业学院                                        
44117002,2  ,44117,0,1,500 ,092144117000501,092144117001000,广州科技贸易职业学院                                        
44117003,3  ,44117,0,1,500 ,092144117001001,092144117001500,广州科技贸易职业学院                                        
44117004,4  ,44117,0,1,500 ,092144117001501,092144117002000,广州科技贸易职业学院                                        
44117005,5  ,44117,0,1,38  ,092144117002001,092144117002038,广州科技贸易职业学院                                        
44118001,1  ,44118,0,1,500 ,092144118000001,092144118000500,广州科技职业技术学院                                        
44118002,2  ,44118,0,1,317 ,092144118000501,092144118000817,广州科技职业技术学院                                        
44119001,1  ,44119,0,1,500 ,092144119000001,092144119000500,中山大学新华学院                                            
44119002,2  ,44119,0,1,26  ,092144119000501,092144119000526,中山大学新华学院                                            
44120001,1  ,44120,0,1,500 ,092144120000001,092144120000500,广东外语外贸大学南国商学院                                  
44120002,2  ,44120,0,1,500 ,092144120000501,092144120001000,广东外语外贸大学南国商学院                                  
44120003,3  ,44120,0,1,500 ,092144120001001,092144120001500,广东外语外贸大学南国商学院                                  
44120004,4  ,44120,0,1,500 ,092144120001501,092144120002000,广东外语外贸大学南国商学院                                  
44120005,5  ,44120,0,1,500 ,092144120002001,092144120002500,广东外语外贸大学南国商学院                                  
44120006,6  ,44120,0,1,109 ,092144120002501,092144120002609,广东外语外贸大学南国商学院                                  
44121001,1  ,44121,0,1,500 ,092144121000001,092144121000500,华南农业大学珠江学院                                        
44121002,2  ,44121,0,1,500 ,092144121000501,092144121001000,华南农业大学珠江学院                                        
44121003,3  ,44121,0,1,500 ,092144121001001,092144121001500,华南农业大学珠江学院                                        
44121004,4  ,44121,0,1,500 ,092144121001501,092144121002000,华南农业大学珠江学院                                        
44121005,5  ,44121,0,1,500 ,092144121002001,092144121002500,华南农业大学珠江学院                                        
44121006,6  ,44121,0,1,490 ,092144121002501,092144121002990,华南农业大学珠江学院                                        
44122001,1  ,44122,0,1,500 ,092144122000001,092144122000500,广东商学院华商学院                                          
44122002,2  ,44122,0,1,500 ,092144122000501,092144122001000,广东商学院华商学院                                          
44122003,3  ,44122,0,1,500 ,092144122001001,092144122001500,广东商学院华商学院                                          
44122004,4  ,44122,0,1,500 ,092144122001501,092144122002000,广东商学院华商学院                                          
44122005,5  ,44122,0,1,500 ,092144122002001,092144122002500,广东商学院华商学院                                          
44122006,6  ,44122,0,1,500 ,092144122002501,092144122003000,广东商学院华商学院                                          
44122007,7  ,44122,0,1,500 ,092144122003001,092144122003500,广东商学院华商学院                                          
44122008,8  ,44122,0,1,78  ,092144122003501,092144122003578,广东商学院华商学院                                          
44123001,1  ,44123,0,1,500 ,092144123000001,092144123000500,中山大学南方学院                                            
44123002,2  ,44123,0,1,500 ,092144123000501,092144123001000,中山大学南方学院                                            
44123003,3  ,44123,0,1,500 ,092144123001001,092144123001500,中山大学南方学院                                            
44123004,4  ,44123,0,1,500 ,092144123001501,092144123002000,中山大学南方学院                                            
44123005,5  ,44123,0,1,500 ,092144123002001,092144123002500,中山大学南方学院                                            
44123006,6  ,44123,0,1,340 ,092144123002501,092144123002840,中山大学南方学院                                            
44124001,1  ,44124,0,1,500 ,092144124000001,092144124000500,广州华立科技职业学院                                        
44124002,2  ,44124,0,1,500 ,092144124000501,092144124001000,广州华立科技职业学院                                        
44124003,3  ,44124,0,1,53  ,092144124001001,092144124001053,广州华立科技职业学院                                        
44126001,1  ,44126,0,1,500 ,092144126000001,092144126000500,茂名学院高州师范分院                                        
44126002,2  ,44126,0,1,264 ,092144126000501,092144126000764,茂名学院高州师范分院                                        
44127001,1  ,44127,0,1,500 ,092144127000001,092144127000500,茂名职业技术学院                                            
44127002,2  ,44127,0,1,421 ,092144127000501,092144127000921,茂名职业技术学院                                            
44128001,1  ,44128,0,1,500 ,092144128000001,092144128000500,广州南洋理工职业学院                                        
44128002,2  ,44128,0,1,413 ,092144128000501,092144128000913,广州南洋理工职业学院                                        
44129001,1  ,44129,0,1,452 ,092144129000001,092144129000452,湛江现代科技职业学院                                        
44502001,1  ,44502,0,1,3   ,092144502000001,092144502000003,清华大学深圳研究生院                                        
44503001,1  ,44503,0,1,500 ,092144503000001,092144503000500,广州康大职业技术学院                                        
44503002,2  ,44503,0,1,500 ,092144503000501,092144503001000,广州康大职业技术学院                                        
44503003,3  ,44503,0,1,213 ,092144503001001,092144503001213,广州康大职业技术学院                                        
44504001,1  ,44504,0,1,500 ,092144504000001,092144504000500,北京师范大学-香港浸会大学联合国际学院                       
44504002,2  ,44504,0,1,500 ,092144504000501,092144504001000,北京师范大学-香港浸会大学联合国际学院                       
44504003,3  ,44504,0,1,144 ,092144504001001,092144504001144,北京师范大学-香港浸会大学联合国际学院                       
44505001,1  ,44505,0,1,500 ,092144505000001,092144505000500,东莞南博职业技术学院                                        
44505002,2  ,44505,0,1,500 ,092144505000501,092144505001000,东莞南博职业技术学院                                        
44505003,3  ,44505,0,1,500 ,092144505001001,092144505001500,东莞南博职业技术学院                                        
44505004,4  ,44505,0,1,378 ,092144505001501,092144505001878,东莞南博职业技术学院                                        
44506001,1  ,44506,0,1,500 ,092144506000001,092144506000500,惠州经济职业技术学院                                        
44506002,2  ,44506,0,1,500 ,092144506000501,092144506001000,惠州经济职业技术学院                                        
44506003,3  ,44506,0,1,54  ,092144506001001,092144506001054,惠州经济职业技术学院                                        
44508001,1  ,44508,0,1,500 ,092144508000001,092144508000500,广州华南商贸职业学院                                        
44508002,2  ,44508,0,1,196 ,092144508000501,092144508000696,广州华南商贸职业学院                                        
44509001,1  ,44509,0,1,500 ,092144509000001,092144509000500,华南理工大学广州汽车学院                                    
44509002,2  ,44509,0,1,500 ,092144509000501,092144509001000,华南理工大学广州汽车学院                                    
44509003,3  ,44509,0,1,500 ,092144509001001,092144509001500,华南理工大学广州汽车学院                                    
44509004,4  ,44509,0,1,500 ,092144509001501,092144509002000,华南理工大学广州汽车学院                                    
44509005,5  ,44509,0,1,500 ,092144509002001,092144509002500,华南理工大学广州汽车学院                                    
44509006,6  ,44509,0,1,500 ,092144509002501,092144509003000,华南理工大学广州汽车学院                                    
44509007,7  ,44509,0,1,500 ,092144509003001,092144509003500,华南理工大学广州汽车学院                                    
44509008,8  ,44509,0,1,216 ,092144509003501,092144509003716,华南理工大学广州汽车学院                                    
44510001,1  ,44510,0,1,482 ,092144510000001,092144510000482,广州现代信息工程职业技术学院                                
44511001,1  ,44511,0,1,40  ,092144511000001,092144511000040,贵州民族学院                                                
44512001,1  ,44512,0,1,500 ,092144512000001,092144512000500,广州松田职业学院                                            
44512002,2  ,44512,0,1,40  ,092144512000501,092144512000540,广州松田职业学院                                            
44513001,1  ,44513,0,1,500 ,092144513000001,092144513000500,广州城建职业学院                                            
44513002,2  ,44513,0,1,500 ,092144513000501,092144513001000,广州城建职业学院                                            
44513003,3  ,44513,0,1,500 ,092144513001001,092144513001500,广州城建职业学院                                            
44513004,4  ,44513,0,1,500 ,092144513001501,092144513002000,广州城建职业学院                                            
44513005,5  ,44513,0,1,2   ,092144513002001,092144513002002,广州城建职业学院                                            
44514001,1  ,44514,0,1,241 ,092144514000001,092144514000241,广东文艺职业学院                                            
44515001,1  ,44515,1,1,15  ,092144515000001,092144515000015,山东大学                                                    
44516001,1  ,44516,0,1,21  ,092144516000001,092144516000021,中山职业技术学院                                            
