35101001,1  ,35101,0,1,500 ,092135101000001,092135101000500,福州大学                                                    
35101002,2  ,35101,0,1,500 ,092135101000501,092135101001000,福州大学                                                    
35101003,3  ,35101,0,1,500 ,092135101001001,092135101001500,福州大学                                                    
35101004,4  ,35101,0,1,500 ,092135101001501,092135101002000,福州大学                                                    
35101005,5  ,35101,9,1,440 ,092135101002001,092135101002440,福州大学                                                    
35102001,1  ,35102,1,1,500 ,092135102000001,092135102000500,福建师范大学                                                
35102002,2  ,35102,1,1,500 ,092135102000501,092135102001000,福建师范大学                                                
35102003,3  ,35102,1,1,500 ,092135102001001,092135102001500,福建师范大学                                                
35102004,4  ,35102,2,1,500 ,092135102001501,092135102002000,福建师范大学                                                
35102005,5  ,35102,2,1,500 ,092135102002001,092135102002500,福建师范大学                                                
35102006,6  ,35102,2,1,500 ,092135102002501,092135102003000,福建师范大学                                                
35102007,7  ,35102,2,1,500 ,092135102003001,092135102003500,福建师范大学                                                
35102008,8  ,35102,2,1,500 ,092135102003501,092135102004000,福建师范大学                                                
35102009,9  ,35102,2,1,500 ,092135102004001,092135102004500,福建师范大学                                                
35102010,10 ,35102,2,1,500 ,092135102004501,092135102005000,福建师范大学                                                
35102011,11 ,35102,2,1,500 ,092135102005001,092135102005500,福建师范大学                                                
35102012,12 ,35102,2,1,500 ,092135102005501,092135102006000,福建师范大学                                                
35102013,13 ,35102,2,1,500 ,092135102006001,092135102006500,福建师范大学                                                
35102014,14 ,35102,2,1,500 ,092135102006501,092135102007000,福建师范大学                                                
35102015,15 ,35102,2,1,500 ,092135102007001,092135102007500,福建师范大学                                                
35102016,16 ,35102,2,1,500 ,092135102007501,092135102008000,福建师范大学                                                
35102017,17 ,35102,2,1,500 ,092135102008001,092135102008500,福建师范大学                                                
35102018,18 ,35102,2,1,500 ,092135102008501,092135102009000,福建师范大学                                                
35102019,19 ,35102,2,1,500 ,092135102009001,092135102009500,福建师范大学                                                
35102020,20 ,35102,2,1,500 ,092135102009501,092135102010000,福建师范大学                                                
35102021,21 ,35102,2,1,500 ,092135102010001,092135102010500,福建师范大学                                                
35102022,22 ,35102,2,1,248 ,092135102010501,092135102010748,福建师范大学                                                
35103001,1  ,35103,0,1,500 ,092135103000001,092135103000500,福建农林大学                                                
35103002,2  ,35103,0,1,500 ,092135103000501,092135103001000,福建农林大学                                                
35103003,3  ,35103,0,1,500 ,092135103001001,092135103001500,福建农林大学                                                
35103004,4  ,35103,0,1,500 ,092135103001501,092135103002000,福建农林大学                                                
35103005,5  ,35103,0,1,500 ,092135103002001,092135103002500,福建农林大学                                                
35103006,6  ,35103,0,1,500 ,092135103002501,092135103003000,福建农林大学                                                
35103007,7  ,35103,0,1,500 ,092135103003001,092135103003500,福建农林大学                                                
35103008,8  ,35103,0,1,500 ,092135103003501,092135103004000,福建农林大学                                                
35103009,9  ,35103,0,1,500 ,092135103004001,092135103004500,福建农林大学                                                
35103010,10 ,35103,0,1,500 ,092135103004501,092135103005000,福建农林大学                                                
35103011,11 ,35103,0,1,500 ,092135103005001,092135103005500,福建农林大学                                                
35103012,12 ,35103,0,1,500 ,092135103005501,092135103006000,福建农林大学                                                
35103013,13 ,35103,0,1,500 ,092135103006001,092135103006500,福建农林大学                                                
35103014,14 ,35103,0,1,500 ,092135103006501,092135103007000,福建农林大学                                                
35103015,15 ,35103,0,1,500 ,092135103007001,092135103007500,福建农林大学                                                
35103016,16 ,35103,0,1,500 ,092135103007501,092135103008000,福建农林大学                                                
35103017,17 ,35103,0,1,500 ,092135103008001,092135103008500,福建农林大学                                                
35103018,18 ,35103,0,1,500 ,092135103008501,092135103009000,福建农林大学                                                
35103019,19 ,35103,0,1,500 ,092135103009001,092135103009500,福建农林大学                                                
35103020,20 ,35103,0,1,500 ,092135103009501,092135103010000,福建农林大学                                                
35103021,21 ,35103,0,1,500 ,092135103010001,092135103010500,福建农林大学                                                
35103022,22 ,35103,0,1,500 ,092135103010501,092135103011000,福建农林大学                                                
35103023,23 ,35103,0,1,500 ,092135103011001,092135103011500,福建农林大学                                                
35103024,24 ,35103,0,1,27  ,092135103011501,092135103011527,福建农林大学                                                
35104001,1  ,35104,0,1,500 ,092135104000001,092135104000500,福建医科大学                                                
35104002,2  ,35104,0,1,500 ,092135104000501,092135104001000,福建医科大学                                                
35104003,3  ,35104,0,1,500 ,092135104001001,092135104001500,福建医科大学                                                
35104004,4  ,35104,1,1,500 ,092135104001501,092135104002000,福建医科大学                                                
35104005,5  ,35104,1,1,500 ,092135104002001,092135104002500,福建医科大学                                                
35104006,6  ,35104,1,1,17  ,092135104002501,092135104002517,福建医科大学                                                
35605001,1  ,35605,1,1,1   ,092135104002518,092135104002518,漳州卫生职业学院                                            
35105001,1  ,35105,1,1,500 ,092135105000001,092135105000500,福建中医学院                                                
35105002,2  ,35105,1,1,500 ,092135105000501,092135105001000,福建中医学院                                                
35105003,3  ,35105,1,1,500 ,092135105001001,092135105001500,福建中医学院                                                
35105004,4  ,35105,1,1,500 ,092135105001501,092135105002000,福建中医学院                                                
35105005,5  ,35105,2,1,500 ,092135105002001,092135105002500,福建中医学院                                                
35105006,6  ,35105,2,1,115 ,092135105002501,092135105002615,福建中医学院                                                
35106001,1  ,35106,0,1,500 ,092135106000001,092135106000500,闽江学院                                                    
35106002,2  ,35106,0,1,500 ,092135106000501,092135106001000,闽江学院                                                    
35106003,3  ,35106,0,1,500 ,092135106001001,092135106001500,闽江学院                                                    
35106004,4  ,35106,0,1,500 ,092135106001501,092135106002000,闽江学院                                                    
35106005,5  ,35106,0,1,500 ,092135106002001,092135106002500,闽江学院                                                    
35106006,6  ,35106,0,1,500 ,092135106002501,092135106003000,闽江学院                                                    
35106007,7  ,35106,0,1,500 ,092135106003001,092135106003500,闽江学院                                                    
35106008,8  ,35106,1,1,500 ,092135106003501,092135106004000,闽江学院                                                    
35106009,9  ,35106,1,1,500 ,092135106004001,092135106004500,闽江学院                                                    
35106010,10 ,35106,3,1,500 ,092135106004501,092135106005000,闽江学院                                                    
35106011,11 ,35106,3,1,212 ,092135106005001,092135106005212,闽江学院                                                    
35107001,1  ,35107,1,1,500 ,092135107000001,092135107000500,福建工程学院                                                
35107002,2  ,35107,4,1,500 ,092135107000501,092135107001000,福建工程学院                                                
35107003,3  ,35107,4,1,500 ,092135107001001,092135107001500,福建工程学院                                                
35107004,4  ,35107,5,1,500 ,092135107001501,092135107002000,福建工程学院                                                
35107005,5  ,35107,5,1,500 ,092135107002001,092135107002500,福建工程学院                                                
35107006,6  ,35107,5,1,500 ,092135107002501,092135107003000,福建工程学院                                                
35107007,7  ,35107,5,1,500 ,092135107003001,092135107003500,福建工程学院                                                
35107008,8  ,35107,5,1,500 ,092135107003501,092135107004000,福建工程学院                                                
35107009,9  ,35107,7,1,500 ,092135107004001,092135107004500,福建工程学院                                                
35107010,10 ,35107,7,1,500 ,092135107004501,092135107005000,福建工程学院                                                
35107011,11 ,35107,7,1,500 ,092135107005001,092135107005500,福建工程学院                                                
35107012,12 ,35107,7,1,366 ,092135107005501,092135107005866,福建工程学院                                                
35108001,1  ,35108,0,1,500 ,092135108000001,092135108000500,福州大学阳光学院                                            
35108002,2  ,35108,0,1,500 ,092135108000501,092135108001000,福州大学阳光学院                                            
35108003,3  ,35108,0,1,500 ,092135108001001,092135108001500,福州大学阳光学院                                            
35108004,4  ,35108,0,1,500 ,092135108001501,092135108002000,福州大学阳光学院                                            
35108005,5  ,35108,0,1,183 ,092135108002001,092135108002183,福州大学阳光学院                                            
35109001,1  ,35109,0,1,500 ,092135109000001,092135109000500,福建师范大学福清分校                                        
35109002,2  ,35109,0,1,500 ,092135109000501,092135109001000,福建师范大学福清分校                                        
35109003,3  ,35109,0,1,500 ,092135109001001,092135109001500,福建师范大学福清分校                                        
35109004,4  ,35109,0,1,500 ,092135109001501,092135109002000,福建师范大学福清分校                                        
35109005,5  ,35109,0,1,436 ,092135109002001,092135109002436,福建师范大学福清分校                                        
35110001,1  ,35110,1,1,500 ,092135110000001,092135110000500,福建农林大学东方学院                                        
35110002,2  ,35110,1,1,500 ,092135110000501,092135110001000,福建农林大学东方学院                                        
35110003,3  ,35110,1,1,500 ,092135110001001,092135110001500,福建农林大学东方学院                                        
35110004,4  ,35110,2,1,500 ,092135110001501,092135110002000,福建农林大学东方学院                                        
35110005,5  ,35110,2,1,119 ,092135110002001,092135110002119,福建农林大学东方学院                                        
35112001,1  ,35112,0,1,500 ,092135112000001,092135112000500,福建警察学院                                                
35112002,2  ,35112,0,1,500 ,092135112000501,092135112001000,福建警察学院                                                
35112003,3  ,35112,0,1,380 ,092135112001001,092135112001380,福建警察学院                                                
35113001,1  ,35113,0,1,500 ,092135113000001,092135113000500,福建商业高等专科学校                                        
35113002,2  ,35113,0,1,500 ,092135113000501,092135113001000,福建商业高等专科学校                                        
35113003,3  ,35113,0,1,102 ,092135113001001,092135113001102,福建商业高等专科学校                                        
35114001,1  ,35114,1,1,500 ,092135114000001,092135114000500,福建交通职业技术学院                                        
35114002,2  ,35114,1,1,500 ,092135114000501,092135114001000,福建交通职业技术学院                                        
35114003,3  ,35114,1,1,500 ,092135114001001,092135114001500,福建交通职业技术学院                                        
35114004,4  ,35114,1,1,500 ,092135114001501,092135114002000,福建交通职业技术学院                                        
35114005,5  ,35114,1,1,141 ,092135114002001,092135114002141,福建交通职业技术学院                                        
35115001,1  ,35115,0,1,500 ,092135115000001,092135115000500,福州职业技术学院                                            
35115002,2  ,35115,0,1,265 ,092135115000501,092135115000765,福州职业技术学院                                            
35116001,1  ,35116,0,1,423 ,092135116000001,092135116000423,福建农业职业技术学院                                        
35117001,1  ,35117,0,1,500 ,092135117000001,092135117000500,福建卫生职业技术学院                                        
35117002,2  ,35117,0,1,500 ,092135117000501,092135117001000,福建卫生职业技术学院                                        
35117003,3  ,35117,0,1,88  ,092135117001001,092135117001088,福建卫生职业技术学院                                        
35118001,1  ,35118,1,1,343 ,092135118000001,092135118000343,福建广播电视大学                                            
35119001,1  ,35119,9,1,500 ,092135119000001,092135119000500,福建教育学院                                                
35119002,2  ,35119,9,1,42  ,092135119000501,092135119000542,福建教育学院                                                
35120001,1  ,35120,1,1,500 ,092135120000001,092135120000500,福建金融职业技术学院                                        
35120002,2  ,35120,3,1,500 ,092135120000501,092135120001000,福建金融职业技术学院                                        
35120003,3  ,35120,3,1,500 ,092135120001001,092135120001500,福建金融职业技术学院                                        
35120004,4  ,35120,3,1,88  ,092135120001501,092135120001588,福建金融职业技术学院                                        
35121001,1  ,35121,1,1,500 ,092135121000001,092135121000500,福建经济管理干部学院                                        
35121002,2  ,35121,2,1,500 ,092135121000501,092135121001000,福建经济管理干部学院                                        
35121003,3  ,35121,3,1,500 ,092135121001001,092135121001500,福建经济管理干部学院                                        
35121004,4  ,35121,3,1,20  ,092135121001501,092135121001520,福建经济管理干部学院                                        
35122001,1  ,35122,1,1,500 ,092135122000001,092135122000500,福建财会管理干部学院                                        
35122002,2  ,35122,1,1,326 ,092135122000501,092135122000826,福建财会管理干部学院                                        
35123001,1  ,35123,1,1,500 ,092135123000001,092135123000500,福建省政法管理干部学院                                      
35123002,2  ,35123,1,1,177 ,092135123000501,092135123000677,福建省政法管理干部学院                                      
35124001,1  ,35124,0,1,500 ,092135124000001,092135124000500,福建华南女子职业学院                                        
35124002,2  ,35124,1,1,322 ,092135124000501,092135124000822,福建华南女子职业学院                                        
35125001,1  ,35125,0,1,500 ,092135125000001,092135125000500,福州英华职业学院                                            
35125002,2  ,35125,0,1,78  ,092135125000501,092135125000578,福州英华职业学院                                            
35126001,1  ,35126,0,1,332 ,092135126000001,092135126000332,武警福州指挥学院                                            
35127001,1  ,35127,1,1,500 ,092135127000001,092135127000500,福建对外经济贸易职业技术学院                                
35127002,2  ,35127,1,1,500 ,092135127000501,092135127001000,福建对外经济贸易职业技术学院                                
35127003,3  ,35127,1,1,500 ,092135127001001,092135127001500,福建对外经济贸易职业技术学院                                
35127004,4  ,35127,1,1,500 ,092135127001501,092135127002000,福建对外经济贸易职业技术学院                                
35127005,5  ,35127,1,1,118 ,092135127002001,092135127002118,福建对外经济贸易职业技术学院                                
35128001,1  ,35128,1,1,500 ,092135128000001,092135128000500,福州外语外贸职业技术学院                                    
35128002,2  ,35128,1,1,500 ,092135128000501,092135128001000,福州外语外贸职业技术学院                                    
35128003,3  ,35128,1,1,160 ,092135128001001,092135128001160,福州外语外贸职业技术学院                                    
35130001,1  ,35130,2,1,500 ,092135130000001,092135130000500,福建信息职业技术学院                                        
35130002,2  ,35130,3,1,309 ,092135130000501,092135130000809,福建信息职业技术学院                                        
35131001,1  ,35131,0,1,500 ,092135131000001,092135131000500,福州软件职业技术学院                                        
35131002,2  ,35131,0,1,109 ,092135131000501,092135131000609,福州软件职业技术学院                                        
35132001,1  ,35132,1,1,344 ,092135132000001,092135132000344,福州黎明职业技术学院                                        
35133001,1  ,35133,0,1,500 ,092135133000001,092135133000500,福建商业高等专科学校高职人才培养基地                        
35133002,2  ,35133,0,1,300 ,092135133000501,092135133000800,福建商业高等专科学校高职人才培养基地                        
35134001,1  ,35134,0,1,500 ,092135134000001,092135134000500,福州教育学院                                                
35134002,2  ,35134,0,1,163 ,092135134000501,092135134000663,福州教育学院                                                
35135001,1  ,35135,0,1,500 ,092135135000001,092135135000500,福州海峡职业技术学院                                        
35135002,2  ,35135,0,1,75  ,092135135000501,092135135000575,福州海峡职业技术学院                                        
35137001,1  ,35137,0,1,500 ,092135137000001,092135137000500,福州大学至诚学院                                            
35137002,2  ,35137,0,1,500 ,092135137000501,092135137001000,福州大学至诚学院                                            
35137003,3  ,35137,0,1,500 ,092135137001001,092135137001500,福州大学至诚学院                                            
35137004,4  ,35137,0,1,500 ,092135137001501,092135137002000,福州大学至诚学院                                            
35137005,5  ,35137,0,1,500 ,092135137002001,092135137002500,福州大学至诚学院                                            
35137006,6  ,35137,0,1,500 ,092135137002501,092135137003000,福州大学至诚学院                                            
35137007,7  ,35137,0,1,121 ,092135137003001,092135137003121,福州大学至诚学院                                            
35139001,1  ,35139,0,1,363 ,092135139000001,092135139000363,西安工程大学福州服装学院                                    
35140001,1  ,35140,1,1,500 ,092135140000001,092135140000500,福建生物工程职业学院                                        
35140002,2  ,35140,1,1,239 ,092135140000501,092135140000739,福建生物工程职业学院                                        
35102001,1  ,35102,1,1,95  ,092135141000001,092135141000095,福建师范大学                                                
35141001,1  ,35141,0,1,225 ,092135141000096,092135141000320,福州科技职业技术学院                                        
35142001,1  ,35142,0,1,500 ,092135142000001,092135142000500,福建儿童发展职业学院                                        
35142002,2  ,35142,0,1,168 ,092135142000501,092135142000668,福建儿童发展职业学院                                        
35201001,1  ,35201,2,1,500 ,092135201000001,092135201000500,厦门大学                                                    
35201002,2  ,35201,2,1,500 ,092135201000501,092135201001000,厦门大学                                                    
35201003,3  ,35201,2,1,500 ,092135201001001,092135201001500,厦门大学                                                    
35201004,4  ,35201,2,1,500 ,092135201001501,092135201002000,厦门大学                                                    
35201005,5  ,35201,2,1,500 ,092135201002001,092135201002500,厦门大学                                                    
35201006,6  ,35201,2,1,500 ,092135201002501,092135201003000,厦门大学                                                    
35201007,7  ,35201,2,1,500 ,092135201003001,092135201003500,厦门大学                                                    
35201008,8  ,35201,2,1,500 ,092135201003501,092135201004000,厦门大学                                                    
35201009,9  ,35201,2,1,500 ,092135201004001,092135201004500,厦门大学                                                    
35201010,10 ,35201,2,1,500 ,092135201004501,092135201005000,厦门大学                                                    
35201011,11 ,35201,2,1,274 ,092135201005001,092135201005274,厦门大学                                                    
35202001,1  ,35202,0,1,500 ,092135202000001,092135202000500,厦门大学嘉庚学院                                            
35202002,2  ,35202,0,1,500 ,092135202000501,092135202001000,厦门大学嘉庚学院                                            
35202003,3  ,35202,0,1,500 ,092135202001001,092135202001500,厦门大学嘉庚学院                                            
35202004,4  ,35202,0,1,500 ,092135202001501,092135202002000,厦门大学嘉庚学院                                            
35202005,5  ,35202,0,1,500 ,092135202002001,092135202002500,厦门大学嘉庚学院                                            
35202006,6  ,35202,0,1,192 ,092135202002501,092135202002692,厦门大学嘉庚学院                                            
35203001,1  ,35203,0,1,500 ,092135203000001,092135203000500,集美大学                                                    
35203002,2  ,35203,0,1,500 ,092135203000501,092135203001000,集美大学                                                    
35203003,3  ,35203,0,1,500 ,092135203001001,092135203001500,集美大学                                                    
35203004,4  ,35203,0,1,500 ,092135203001501,092135203002000,集美大学                                                    
35203005,5  ,35203,0,1,500 ,092135203002001,092135203002500,集美大学                                                    
35203006,6  ,35203,0,1,500 ,092135203002501,092135203003000,集美大学                                                    
35203007,7  ,35203,0,1,500 ,092135203003001,092135203003500,集美大学                                                    
35203008,8  ,35203,0,1,500 ,092135203003501,092135203004000,集美大学                                                    
35203009,9  ,35203,0,1,500 ,092135203004001,092135203004500,集美大学                                                    
35203010,10 ,35203,0,1,500 ,092135203004501,092135203005000,集美大学                                                    
35203011,11 ,35203,0,1,500 ,092135203005001,092135203005500,集美大学                                                    
35203012,12 ,35203,0,1,500 ,092135203005501,092135203006000,集美大学                                                    
35203013,13 ,35203,0,1,250 ,092135203006001,092135203006250,集美大学                                                    
35204001,1  ,35204,1,1,500 ,092135204000001,092135204000500,厦门理工学院                                                
35204002,2  ,35204,1,1,500 ,092135204000501,092135204001000,厦门理工学院                                                
35204003,3  ,35204,1,1,500 ,092135204001001,092135204001500,厦门理工学院                                                
35204004,4  ,35204,1,1,500 ,092135204001501,092135204002000,厦门理工学院                                                
35204005,5  ,35204,1,1,500 ,092135204002001,092135204002500,厦门理工学院                                                
35204006,6  ,35204,1,1,500 ,092135204002501,092135204003000,厦门理工学院                                                
35204007,7  ,35204,1,1,500 ,092135204003001,092135204003500,厦门理工学院                                                
35204008,8  ,35204,2,1,500 ,092135204003501,092135204004000,厦门理工学院                                                
35204009,9  ,35204,2,1,500 ,092135204004001,092135204004500,厦门理工学院                                                
35204010,10 ,35204,2,1,500 ,092135204004501,092135204005000,厦门理工学院                                                
35204011,11 ,35204,2,1,342 ,092135204005001,092135204005342,厦门理工学院                                                
35205001,1  ,35205,0,1,232 ,092135205000001,092135205000232,福州大学厦门工艺美术学院                                    
35206001,1  ,35206,0,1,500 ,092135206000001,092135206000500,厦门城市职业学院                                            
35206002,2  ,35206,0,1,500 ,092135206000501,092135206001000,厦门城市职业学院                                            
35206003,3  ,35206,0,1,218 ,092135206001001,092135206001218,厦门城市职业学院                                            
35207001,1  ,35207,0,1,500 ,092135207000001,092135207000500,厦门华厦职业学院                                            
35207002,2  ,35207,0,1,500 ,092135207000501,092135207001000,厦门华厦职业学院                                            
35207003,3  ,35207,1,1,478 ,092135207001001,092135207001478,厦门华厦职业学院                                            
35208001,1  ,35208,0,1,500 ,092135208000001,092135208000500,厦门海洋职业技术学院                                        
35208002,2  ,35208,1,1,500 ,092135208000501,092135208001000,厦门海洋职业技术学院                                        
35208003,3  ,35208,1,1,500 ,092135208001001,092135208001500,厦门海洋职业技术学院                                        
35208004,4  ,35208,1,1,424 ,092135208001501,092135208001924,厦门海洋职业技术学院                                        
35209001,1  ,35209,5,1,500 ,092135209000001,092135209000500,厦门南洋职业学院                                            
35209002,2  ,35209,5,1,500 ,092135209000501,092135209001000,厦门南洋职业学院                                            
35209003,3  ,35209,5,1,187 ,092135209001001,092135209001187,厦门南洋职业学院                                            
35210001,1  ,35210,0,1,500 ,092135210000001,092135210000500,厦门华天涉外学院                                            
35210002,2  ,35210,0,1,500 ,092135210000501,092135210001000,厦门华天涉外学院                                            
35210003,3  ,35210,1,1,253 ,092135210001001,092135210001253,厦门华天涉外学院                                            
35211001,1  ,35211,0,1,500 ,092135211000001,092135211000500,厦门兴才职业技术学院                                        
35211002,2  ,35211,0,1,500 ,092135211000501,092135211001000,厦门兴才职业技术学院                                        
35211003,3  ,35211,0,1,143 ,092135211001001,092135211001143,厦门兴才职业技术学院                                        
35212001,1  ,35212,0,1,398 ,092135212000001,092135212000398,厦门东海职业技术学院                                        
35213001,1  ,35213,0,1,500 ,092135213000001,092135213000500,华侨大学厦门校区                                            
35213002,2  ,35213,0,1,500 ,092135213000501,092135213001000,华侨大学厦门校区                                            
35213003,3  ,35213,0,1,500 ,092135213001001,092135213001500,华侨大学厦门校区                                            
35213004,4  ,35213,0,1,500 ,092135213001501,092135213002000,华侨大学厦门校区                                            
35213005,5  ,35213,0,1,500 ,092135213002001,092135213002500,华侨大学厦门校区                                            
35213006,6  ,35213,0,1,79  ,092135213002501,092135213002579,华侨大学厦门校区                                            
35215001,1  ,35215,0,1,500 ,092135215000001,092135215000500,厦门医学高等专科学校                                        
35215002,2  ,35215,0,1,150 ,092135215000501,092135215000650,厦门医学高等专科学校                                        
35216001,1  ,35216,0,1,500 ,092135216000001,092135216000500,集美大学诚毅学院                                            
35216002,2  ,35216,0,1,500 ,092135216000501,092135216001000,集美大学诚毅学院                                            
35216003,3  ,35216,0,1,500 ,092135216001001,092135216001500,集美大学诚毅学院                                            
35216004,4  ,35216,0,1,500 ,092135216001501,092135216002000,集美大学诚毅学院                                            
35216005,5  ,35216,0,1,500 ,092135216002001,092135216002500,集美大学诚毅学院                                            
35216006,6  ,35216,0,1,500 ,092135216002501,092135216003000,集美大学诚毅学院                                            
35216007,7  ,35216,0,1,500 ,092135216003001,092135216003500,集美大学诚毅学院                                            
35216008,8  ,35216,0,1,500 ,092135216003501,092135216004000,集美大学诚毅学院                                            
35216009,9  ,35216,0,1,500 ,092135216004001,092135216004500,集美大学诚毅学院                                            
35216010,10 ,35216,0,1,319 ,092135216004501,092135216004819,集美大学诚毅学院                                            
35217001,1  ,35217,0,1,500 ,092135217000001,092135217000500,厦门软件职业技术学院                                        
35217002,2  ,35217,0,1,208 ,092135217000501,092135217000708,厦门软件职业技术学院                                        
35301001,1  ,35301,0,1,500 ,092135301000001,092135301000500,莆田学院                                                    
35301002,2  ,35301,0,1,500 ,092135301000501,092135301001000,莆田学院                                                    
35301003,3  ,35301,0,1,500 ,092135301001001,092135301001500,莆田学院                                                    
35301004,4  ,35301,0,1,500 ,092135301001501,092135301002000,莆田学院                                                    
35301005,5  ,35301,0,1,207 ,092135301002001,092135301002207,莆田学院                                                    
35302001,1  ,35302,0,1,500 ,092135302000001,092135302000500,湄洲湾职业技术学院                                          
35302002,2  ,35302,0,1,10  ,092135302000501,092135302000510,湄洲湾职业技术学院                                          
35401001,1  ,35401,0,1,500 ,092135401000001,092135401000500,三明学院                                                    
35401002,2  ,35401,0,1,500 ,092135401000501,092135401001000,三明学院                                                    
35401003,3  ,35401,0,1,500 ,092135401001001,092135401001500,三明学院                                                    
35401004,4  ,35401,0,1,500 ,092135401001501,092135401002000,三明学院                                                    
35401005,5  ,35401,0,1,409 ,092135401002001,092135401002409,三明学院                                                    
35402001,1  ,35402,0,1,486 ,092135402000001,092135402000486,三明职业技术学院                                            
35403001,1  ,35403,1,1,500 ,092135403000001,092135403000500,福建水利电力职业技术学院                                    
35403002,2  ,35403,1,1,152 ,092135403000501,092135403000652,福建水利电力职业技术学院                                    
35501001,1  ,35501,0,1,500 ,092135501000001,092135501000500,华侨大学                                                    
35501002,2  ,35501,0,1,500 ,092135501000501,092135501001000,华侨大学                                                    
35501003,3  ,35501,0,1,500 ,092135501001001,092135501001500,华侨大学                                                    
35501004,4  ,35501,0,1,500 ,092135501001501,092135501002000,华侨大学                                                    
35501005,5  ,35501,0,1,9   ,092135501002001,092135501002009,华侨大学                                                    
35502001,1  ,35502,1,1,500 ,092135502000001,092135502000500,泉州师范学院                                                
35502002,2  ,35502,1,1,500 ,092135502000501,092135502001000,泉州师范学院                                                
35502003,3  ,35502,1,1,500 ,092135502001001,092135502001500,泉州师范学院                                                
35502004,4  ,35502,1,1,500 ,092135502001501,092135502002000,泉州师范学院                                                
35502005,5  ,35502,1,1,500 ,092135502002001,092135502002500,泉州师范学院                                                
35502006,6  ,35502,1,1,500 ,092135502002501,092135502003000,泉州师范学院                                                
35502007,7  ,35502,1,1,500 ,092135502003001,092135502003500,泉州师范学院                                                
35502008,8  ,35502,3,1,500 ,092135502003501,092135502004000,泉州师范学院                                                
35502009,9  ,35502,3,1,92  ,092135502004001,092135502004092,泉州师范学院                                                
35503001,1  ,35503,1,1,500 ,092135503000001,092135503000500,仰恩大学                                                    
35503002,2  ,35503,1,1,500 ,092135503000501,092135503001000,仰恩大学                                                    
35503003,3  ,35503,1,1,500 ,092135503001001,092135503001500,仰恩大学                                                    
35503004,4  ,35503,1,1,500 ,092135503001501,092135503002000,仰恩大学                                                    
35503005,5  ,35503,1,1,500 ,092135503002001,092135503002500,仰恩大学                                                    
35503006,6  ,35503,1,1,500 ,092135503002501,092135503003000,仰恩大学                                                    
35503007,7  ,35503,3,1,500 ,092135503003001,092135503003500,仰恩大学                                                    
35503008,8  ,35503,3,1,500 ,092135503003501,092135503004000,仰恩大学                                                    
35503009,9  ,35503,3,1,500 ,092135503004001,092135503004500,仰恩大学                                                    
35503010,10 ,35503,3,1,500 ,092135503004501,092135503005000,仰恩大学                                                    
35503011,11 ,35503,3,1,500 ,092135503005001,092135503005500,仰恩大学                                                    
35503012,12 ,35503,3,1,500 ,092135503005501,092135503006000,仰恩大学                                                    
35503013,13 ,35503,3,1,55  ,092135503006001,092135503006055,仰恩大学                                                    
35504001,1  ,35504,0,1,500 ,092135504000001,092135504000500,福建师范大学闽南科技学院                                    
35504002,2  ,35504,0,1,500 ,092135504000501,092135504001000,福建师范大学闽南科技学院                                    
35504003,3  ,35504,0,1,500 ,092135504001001,092135504001500,福建师范大学闽南科技学院                                    
35504004,4  ,35504,0,1,466 ,092135504001501,092135504001966,福建师范大学闽南科技学院                                    
35505001,1  ,35505,0,1,500 ,092135505000001,092135505000500,黎明职业大学                                                
35505002,2  ,35505,0,1,500 ,092135505000501,092135505001000,黎明职业大学                                                
35505003,3  ,35505,0,1,500 ,092135505001001,092135505001500,黎明职业大学                                                
35505004,4  ,35505,0,1,485 ,092135505001501,092135505001985,黎明职业大学                                                
35506001,1  ,35506,0,1,500 ,092135506000001,092135506000500,闽南理工学院                                                
35506002,2  ,35506,1,1,500 ,092135506000501,092135506001000,闽南理工学院                                                
35506003,3  ,35506,1,1,500 ,092135506001001,092135506001500,闽南理工学院                                                
35506004,4  ,35506,1,1,49  ,092135506001501,092135506001549,闽南理工学院                                                
35507001,1  ,35507,0,1,500 ,092135507000001,092135507000500,泉州纺织服装职业学院                                        
35507002,2  ,35507,0,1,224 ,092135507000501,092135507000724,泉州纺织服装职业学院                                        
35508001,1  ,35508,1,1,500 ,092135508000001,092135508000500,泉州理工职业学院                                            
35508002,2  ,35508,1,1,347 ,092135508000501,092135508000847,泉州理工职业学院                                            
35509001,1  ,35509,0,1,500 ,092135509000001,092135509000500,泉州华光摄影艺术职业学院                                    
35509002,2  ,35509,0,1,103 ,092135509000501,092135509000603,泉州华光摄影艺术职业学院                                    
35510001,1  ,35510,1,1,500 ,092135510000001,092135510000500,泉州信息职业技术学院                                        
35510002,2  ,35510,1,1,500 ,092135510000501,092135510001000,泉州信息职业技术学院                                        
35510003,3  ,35510,1,1,334 ,092135510001001,092135510001334,泉州信息职业技术学院                                        
35511001,1  ,35511,0,1,500 ,092135511000001,092135511000500,福建电力职业技术学院                                        
35511002,2  ,35511,0,1,68  ,092135511000501,092135511000568,福建电力职业技术学院                                        
35512001,1  ,35512,0,1,500 ,092135512000001,092135512000500,泉州医学高等专科学校                                        
35512002,2  ,35512,0,1,345 ,092135512000501,092135512000845,泉州医学高等专科学校                                        
35513001,1  ,35513,0,1,199 ,092135513000001,092135513000199,德化陶瓷职业技术学院                                        
35514001,1  ,35514,1,1,500 ,092135514000001,092135514000500,泉州师范学院软件学院                                        
35514002,2  ,35514,1,1,123 ,092135514000501,092135514000623,泉州师范学院软件学院                                        
35515001,1  ,35515,1,1,500 ,092135515000001,092135515000500,泉州经贸职业技术学院                                        
35515002,2  ,35515,1,1,500 ,092135515000501,092135515001000,泉州经贸职业技术学院                                        
35515003,3  ,35515,1,1,274 ,092135515001001,092135515001274,泉州经贸职业技术学院                                        
35601001,1  ,35601,0,1,500 ,092135601000001,092135601000500,漳州师范学院                                                
35601002,2  ,35601,0,1,500 ,092135601000501,092135601001000,漳州师范学院                                                
35601003,3  ,35601,0,1,500 ,092135601001001,092135601001500,漳州师范学院                                                
35601004,4  ,35601,0,1,500 ,092135601001501,092135601002000,漳州师范学院                                                
35601005,5  ,35601,0,1,500 ,092135601002001,092135601002500,漳州师范学院                                                
35601006,6  ,35601,0,1,500 ,092135601002501,092135601003000,漳州师范学院                                                
35601007,7  ,35601,0,1,500 ,092135601003001,092135601003500,漳州师范学院                                                
35601008,8  ,35601,0,1,500 ,092135601003501,092135601004000,漳州师范学院                                                
35601009,9  ,35601,0,1,500 ,092135601004001,092135601004500,漳州师范学院                                                
35601010,10 ,35601,0,1,500 ,092135601004501,092135601005000,漳州师范学院                                                
35601011,11 ,35601,0,1,500 ,092135601005001,092135601005500,漳州师范学院                                                
35601012,12 ,35601,0,1,500 ,092135601005501,092135601006000,漳州师范学院                                                
35601013,13 ,35601,0,1,500 ,092135601006001,092135601006500,漳州师范学院                                                
35601014,14 ,35601,0,1,114 ,092135601006501,092135601006614,漳州师范学院                                                
35602001,1  ,35602,0,1,500 ,092135602000001,092135602000500,漳州职业技术学院                                            
35602002,2  ,35602,0,1,500 ,092135602000501,092135602001000,漳州职业技术学院                                            
35602003,3  ,35602,0,1,500 ,092135602001001,092135602001500,漳州职业技术学院                                            
35602004,4  ,35602,0,1,500 ,092135602001501,092135602002000,漳州职业技术学院                                            
35602005,5  ,35602,0,1,500 ,092135602002001,092135602002500,漳州职业技术学院                                            
35602006,6  ,35602,0,1,312 ,092135602002501,092135602002812,漳州职业技术学院                                            
35603001,1  ,35603,0,1,500 ,092135603000001,092135603000500,漳州城市职业学院                                            
35603002,2  ,35603,0,1,297 ,092135603000501,092135603000797,漳州城市职业学院                                            
35605001,1  ,35605,1,1,500 ,092135605000001,092135605000500,漳州卫生职业学院                                            
35605002,2  ,35605,1,1,493 ,092135605000501,092135605000993,漳州卫生职业学院                                            
35606001,1  ,35606,0,1,165 ,092135606000001,092135606000165,漳州吉马印刷职业技术学院                                    
35702001,1  ,35702,2,1,449 ,092135702000001,092135702000449,福建林业职业技术学院                                        
35703001,1  ,35703,0,1,500 ,092135703000001,092135703000500,武夷学院                                                    
35703002,2  ,35703,0,1,500 ,092135703000501,092135703001000,武夷学院                                                    
35703003,3  ,35703,0,1,500 ,092135703001001,092135703001500,武夷学院                                                    
35703004,4  ,35703,0,1,500 ,092135703001501,092135703002000,武夷学院                                                    
35703005,5  ,35703,0,1,500 ,092135703002001,092135703002500,武夷学院                                                    
35703006,6  ,35703,0,1,500 ,092135703002501,092135703003000,武夷学院                                                    
35703007,7  ,35703,0,1,500 ,092135703003001,092135703003500,武夷学院                                                    
35703008,8  ,35703,3,1,433 ,092135703003501,092135703003933,武夷学院                                                    
35704001,1  ,35704,0,1,447 ,092135704000001,092135704000447,福建省闽北职业技术学院                                      
35801001,1  ,35801,0,1,500 ,092135801000001,092135801000500,龙岩学院                                                    
35801002,2  ,35801,0,1,500 ,092135801000501,092135801001000,龙岩学院                                                    
35801003,3  ,35801,0,1,500 ,092135801001001,092135801001500,龙岩学院                                                    
35801004,4  ,35801,0,1,500 ,092135801001501,092135801002000,龙岩学院                                                    
35801005,5  ,35801,0,1,430 ,092135801002001,092135801002430,龙岩学院                                                    
35802001,1  ,35802,0,1,500 ,092135802000001,092135802000500,闽西职业技术学院                                            
35802002,2  ,35802,0,1,500 ,092135802000501,092135802001000,闽西职业技术学院                                            
35802003,3  ,35802,0,1,206 ,092135802001001,092135802001206,闽西职业技术学院                                            
35901001,1  ,35901,0,1,500 ,092135901000001,092135901000500,宁德师范高等专科学校                                        
35901002,2  ,35901,0,1,500 ,092135901000501,092135901001000,宁德师范高等专科学校                                        
35901003,3  ,35901,0,1,200 ,092135901001001,092135901001200,宁德师范高等专科学校                                        
35902001,1  ,35902,0,1,500 ,092135902000001,092135902000500,宁德职业技术学院                                            
35902002,2  ,35902,0,1,196 ,092135902000501,092135902000696,宁德职业技术学院                                            
